1 -0.0809999999999984 -0.0422258600233574 0.0431513712099536 -0.126802547594867 0.0423508275481517 -0.0541384102439201 0.0528110682921697 -0.157646202081658 0.0493693815938178 -0.0468020609369952 0.0506078291277928 -0.145991583363226 0.0523874614892357 -0.0580992505984122 0.052920136530167 -0.16182271819754 0.0456242170007151 -0.0551721502270629 0.0530155789110517 -0.159082684892724 0.0487383844385985
2 -0.0763999999999905 -0.0181804226830869 0.043856921203933 -0.104139988242796 0.0677791428766218 -0.0292708243622158 0.0533747397873189 -0.133883392029558 0.0753417433051264 -0.0122254801354007 0.0515328703369562 -0.113228050015807 0.088777089745006 -0.0225835215842822 0.0517708567827867 -0.124054400878544 0.0788873577099797 -0.023750691341247 0.0520300684366214 -0.125729625477025 0.0782282427945309
3 -0.0703999999999521 0.0432796911731309 0.0465229828014666 -0.0479053551177436 0.134464737464005 0.0445135963075048 0.0554017930928315 -0.0640719228333849 0.153099115448395 0.0436599748103133 0.0563969565303806 -0.0668760288269036 0.15419597844753 0.0413524382867918 0.0553551973602125 -0.0671437485392247 0.149848625112808 0.0411710368265226 0.0556697469235855 -0.0679416671437049 0.15028374079675
4 -0.0770999999999951 -0.0743058189437263 0.0441482197307438 -0.160836329615984 0.0122246917285316 -0.0721918354283065 0.0520720919226059 -0.174251260196273 0.02986758933966 -0.0714652537511659 0.052251240583227 -0.173875803441828 0.0309452959394967 -0.0738372292427935 0.0512869907579007 -0.174359731128279 0.026685272642692 -0.0751143131422651 0.0516217430813638 -0.176292929581738 0.0260643032972079
5 -0.0682000000000134 0.0556249895560523 0.0442225911174259 -0.0310512890341024 0.142301268146207 0.060818436249449 0.0529950275571526 -0.0430499091222778 0.164686781621176 0.0644883857213478 0.0527596630870063 -0.0389186537656519 0.167895425208348 0.0698384270906542 0.052421466959308 -0.0329076481495896 0.172584502330898 0.0745898112167535 0.0530339379071111 -0.0293567070811842 0.178536329514691
6 -0.0670999999999578 -0.0370320623534953 0.0417820418430681 -0.118924864365909 0.0448607396589181 -0.028506113238093 0.0500792711775042 -0.126659681118016 0.0696474546418299 -0.0281761856480633 0.049125998870096 -0.124461374138007 0.0681090028418802 -0.0155248219056166 0.0508308584386969 -0.115153304445463 0.0841036606342293 -0.0162980270124549 0.0506603671940498 -0.115592346712792 0.0829962926878826
7 -0.066499999999968 -0.00170153782786975 0.0443280070517743 -0.0885844316493474 0.0851813559936079 -0.00144276805062504 0.0523292534682249 -0.104006220186214 0.101120684084963 0.00385096478160979 0.0527978552172269 -0.0996309299051151 0.107332859468335 -0.0069996799282665 0.0505520638189749 -0.106081725013457 0.0920823651569243 -0.00498524143225676 0.050751452158669 -0.104458087663248 0.0944876047987346
8 -0.0778000000000248 -0.11528854731233 0.0424171689452867 -0.198426198445092 -0.0321508961795677 -0.118447024603108 0.049339248505136 -0.215150174697446 -0.0217438745087697 -0.113085003815 0.0511640664479469 -0.21336473135559 -0.0128052762744097 -0.107796655412695 0.0507121199098981 -0.207192410436095 -0.00840090038929438 -0.107930331001922 0.05138679154581 -0.20864844243171 -0.00721221957213461
9 -0.0655999999999011 -0.022906505311823 0.0420568627747191 -0.105337956350272 0.0595249457266264 -0.0267297891397128 0.0504454965102274 -0.125601145482 0.072141567202574 -0.0202577354270341 0.0504670935856908 -0.119171421259401 0.0786559504053323 -0.0381045843521226 0.04832486813959 -0.132821325905719 0.0566121572014738 -0.0392433624611153 0.0483608709216191 -0.134030669467489 0.0555439445452582
10 -0.0667999999999755 -0.076465212679761 0.0423474458244128 -0.15946620649561 0.00653578113608815 -0.0865821129346259 0.0510982607161138 -0.186732863610847 0.013568637741595 -0.0752513594879032 0.0511403771661582 -0.175484656889368 0.0249819379135613 -0.0780480645486081 0.0492511122771284 -0.17458024461178 0.0184841155145636 -0.0772166010238211 0.04932625032617 -0.173896051663114 0.0194628496154721
11 -0.0663999999999687 -0.104924924955624 0.041769620184501 -0.186793380517246 -0.0230564693940019 -0.111100853841667 0.0489411343024778 -0.207023714437061 -0.0151779932462725 -0.10657442408635 0.0486915655795604 -0.202008138973158 -0.0111407091995412 -0.103627906783076 0.0495269563811296 -0.20070074129009 -0.00655507227606202 -0.104765548176113 0.0496540262921497 -0.202087439708726 -0.0074436566434994
12 -0.0658000000000037 -0.139946828081169 0.0419644385269908 -0.222197127594071 -0.0576965285682673 -0.140932730272999 0.0493336455195683 -0.237624898717418 -0.0442405618285791 -0.138139179499967 0.0491711480189102 -0.234512858695519 -0.041765500304415 -0.122677799847392 0.0507173043666699 -0.222083716406066 -0.0232718832887193 -0.120924369038157 0.0512383699171484 -0.221351574075768 -0.0204971640005462
13 -0.0516999999999739 -0.151069028761988 0.0397267166856046 -0.228933393465773 -0.0732046640582026 -0.163048626419223 0.0465315002166081 -0.254248690990392 -0.0718485618480529 -0.160699983661346 0.0488103170777516 -0.256366447207719 -0.0650335201149722 -0.155228751696092 0.0477559124979872 -0.248830340192147 -0.061627163200037 -0.160232181336274 0.0472072202314569 -0.25275833298993 -0.067706029682619
14 -0.0648999999999668 -0.0934460444229827 0.0445986949654334 -0.180859486555232 -0.00603260229073328 -0.0940395175776915 0.0516971048098024 -0.195363981109897 0.00728494595451364 -0.0908457017005054 0.0515516073209717 -0.191884995394761 0.0101935919937505 -0.0798488581447042 0.051757923348847 -0.181294387908444 0.021596671619036 -0.0848179807865516 0.0510541994624408 -0.184884211732936 0.0152482501598324
15 -0.067999999999996 -0.0353339117816653 0.0425918085350057 -0.118813856510276 0.0481460329469458 -0.0246621724524811 0.051285292843659 -0.125179499362642 0.0758551544576802 -0.0349118136803002 0.0505675680054276 -0.134022425756718 0.0641987983961179 -0.0247193910270933 0.0517426005217659 -0.126134888049754 0.0766961059955678 -0.0179826098793939 0.0525531835093101 -0.120986849557642 0.085021629798854
16 -0.0627999999999584 0.0030615122741251 0.048481901574538 -0.0919630148119694 0.0980860393602196 -0.0112126392386971 0.0544738058821942 -0.117979336868624 0.0955540583912295 -0.00635791810819308 0.0540352109808472 -0.112264985527677 0.0995491493112906 -0.0153128341308585 0.0568586166815209 -0.126755722826639 0.0961300545649224 -0.0144643556206481 0.0570694125741443 -0.126320404265971 0.0973916930246746
17 -0.0653999999999953 -0.154856615892799 0.0430619686146126 -0.239258074377439 -0.070455157408158 -0.151366777860326 0.0495046644060419 -0.24839413716291 -0.0543394185577423 -0.154448214279974 0.0490681981929285 -0.250620115524387 -0.0582763130355607 -0.156316752740624 0.0514054574152226 -0.257071449274461 -0.0555620562067879 -0.154548799231915 0.051768044072562 -0.256014165614136 -0.0530834328496932
18 -0.075699999999997 -0.0960653749104266 0.0437655845902099 -0.181845920707238 -0.0102848291136152 -0.0834366394061328 0.0515236129541275 -0.184421065149604 0.0175477863373383 -0.0940259945780557 0.0499199853818252 -0.191867368035199 0.00381537887908777 -0.0797866019434711 0.052187053267911 -0.182073226348577 0.0225000224616344 -0.0776296690691713 0.0519988334190205 -0.179547382570451 0.0242880444321089
19 -0.052099999999978 -0.160382591825107 0.0398356512667253 -0.238460468307888 -0.0823047153423252 -0.15752705218435 0.0470766979893419 -0.249795684754529 -0.0652584196141705 -0.157572952010377 0.0465823738015269 -0.248872726975752 -0.0662731770450022 -0.146062954969853 0.0477420227838253 -0.23963731962615 -0.0524885903135553 -0.148363775618707 0.0475944582330433 -0.241648913755471 -0.0550786374819417
20 -0.0725999999999644 -0.14912723084846 0.0417930894244254 -0.231041686120334 -0.0672127755765861 -0.158524824085 0.0508410341990399 -0.258171420051888 -0.0588782281181131 -0.158093041333418 0.0518344976439633 -0.259686789872313 -0.0564992927945238 -0.157028509333949 0.0472445531135276 -0.249627833436463 -0.0644291852314345 -0.155386061070357 0.0481197867086324 -0.249700843019277 -0.0610712791214375
21 -0.0592999999999922 -0.0817874593143382 0.0425546895057543 -0.165194650745617 0.00161973211694012 -0.0814890305421275 0.05034447362628 -0.180162385670263 0.0171843245860079 -0.0798320555146588 0.049552980399962 -0.176954112425204 0.017290001395886 -0.0776320044582964 0.0508658694535926 -0.177329108587338 0.022065099670745 -0.0762397671347608 0.051270782589579 -0.176730501010336 0.0242509667408141
22 -0.0653999999999534 -0.135758200128157 0.0431017838961042 -0.220237696564521 -0.0512787036917926 -0.119112730168531 0.0512093974022372 -0.219481304746915 -0.0187441555901468 -0.127743619811678 0.0494310132162732 -0.224626625434897 -0.0308606141884593 -0.102988970494469 0.0516686824121747 -0.204259588022332 -0.00171835296660693 -0.101459332950771 0.0517100740271145 -0.202811078043915 -0.000107587857626476
23 -0.0629000000000098 -0.0845613159128447 0.0434518836969265 -0.169727007958821 0.000604376133131218 -0.0842689248696358 0.0504928916137441 -0.183233173907859 0.0146953241685872 -0.0809487872744261 0.0501372390209527 -0.17921597003977 0.0173183954909174 -0.0625606280761306 0.0522680740686371 -0.165006053250659 0.0398847970983982 -0.0639937795741329 0.0524725557375283 -0.166839988819688 0.0388524296714226
24 -0.0643999999999549 -0.0604586304030206 0.0439381365922354 -0.146577378123802 0.0256601173177608 -0.0636722527104323 0.0513874803255195 -0.164389863404711 0.0370453579838466 -0.0591218009783105 0.0531927346391306 -0.163377645110203 0.0451340431535816 -0.0457883587365513 0.050655024290794 -0.145072206346508 0.053495488873405 -0.0467855210613118 0.0507652622839902 -0.146285435137933 0.0527143930153091
25 -0.063799999999964 0.0181297305844978 0.0448600281025729 -0.0697959244965451 0.106055385665541 0.0248731462137919 0.052440617057845 -0.0779085745466411 0.127654866974225 0.0255645707875443 0.051742024337232 -0.0758479334006254 0.126977074975714 0.0322587897224683 0.0534911454934075 -0.0725838554446105 0.137101434889547 0.0332571627330149 0.0533120628078117 -0.071234480370296 0.137748805836326
26 -0.054299999999963 -0.0254400510818338 0.0424896356580838 -0.108719736971678 0.0578396348080104 -0.0185777655325711 0.0528789754615196 -0.122218652976527 0.0850631219113846 -0.0210812271727538 0.0519074233032665 -0.122817907377431 0.0806554530319236 -0.00463653520427842 0.0514877768608501 -0.105552577851545 0.0962795074429877 -0.00495010644352262 0.0512159184145931 -0.105333306536125 0.0954330936490799
27 -0.0618000000000006 -0.067283272540902 0.0425089921717927 -0.150600897197616 0.0160343521158117 -0.080023569990942 0.0510709193529383 -0.180120732580051 0.0200735925981666 -0.0660122833844202 0.0508018845965145 -0.165582147540349 0.0335575807715082 -0.0821661890036093 0.0505166410145212 -0.181178805392071 0.0168464273848523 -0.0819167619953144 0.0507737495878632 -0.181433311187526 0.0175997871968974
28 -0.0530999999999345 -0.044191489561342 0.0427423572210215 -0.127966509714544 0.0395835305918601 -0.0381231416327282 0.0516719107540296 -0.139398225722994 0.0631519424575376 -0.0423206494363807 0.0504645327169454 -0.141229316058237 0.0565880171854755 -0.0294584652202015 0.052791164276975 -0.132929147203072 0.0740122167626695 -0.0309930160286413 0.0529397709137899 -0.134754967019669 0.0727689349623869
29 -0.0642999999999965 -0.0404933407088075 0.044813119732532 -0.12832705538457 0.0473403739669553 -0.0382020498613657 0.0532280743440276 -0.14252715854208 0.0661230588193489 -0.0386757976590361 0.0563062725782498 -0.149034064016101 0.0716824686980287 -0.0359402116888947 0.0527570503500346 -0.139344030374962 0.0674636069971732 -0.0385145183242846 0.0529333331731819 -0.142263851343721 0.0652348146951519
30 -0.068899999999995 -0.156343232570289 0.037209345777365 -0.229273550293924 -0.0834129148466537 -0.156968445655226 0.0460577441133722 -0.247239965326597 -0.066696925983855 -0.154213215345903 0.0460446256294934 -0.24445902326134 -0.0639674074304658 -0.156696115421598 0.0459501559212534 -0.246758421027254 -0.066633809815941 -0.152746498213484 0.0467090324837183 -0.244296201881572 -0.0611967945453965
31 -0.073199999999951 -0.0441636216527924 0.0439004267684135 -0.130208458118883 0.041881214813298 -0.0392349898902263 0.0528260500656942 -0.142772145464497 0.0643021656840441 -0.0419582805895291 0.0548649782060733 -0.149491661886008 0.0655751007069496 -0.0453667905109224 0.0518735352332952 -0.147038919568181 0.0563053385463362 -0.040044010115539 0.0523221873816559 -0.142595497383585 0.0625074771525066
32 -0.059099999999973 -0.0909559069215686 0.0431859987161016 -0.175600464405128 -0.00631134943800941 -0.100702714344875 0.051580460670069 -0.201798559564195 0.000393130874445091 -0.0971275978386578 0.0522731791033121 -0.199581146238561 0.00532595056124562 -0.0961012642070051 0.0515593329300972 -0.197157556749996 0.00495502833598548 -0.098004871313111 0.0523100831212711 -0.200532634230802 0.00452289160458028
33 -0.0697999999999455 0.0106346778317631 0.0452251308505702 -0.0780065786353545 0.0992759342988807 0.00799820086725062 0.0531859280205049 -0.0962443025372786 0.11224070427178 0.00820750339875997 0.0528971698182197 -0.0954690443290497 0.11188405112657 0.0370126217998449 0.0548300045822373 -0.0704541871813403 0.14447943078103 0.0399247927873693 0.0551885510789879 -0.0682447673274469 0.148094352902186
34 -0.0633000000000014 -0.0336674946931259 0.0467705391528634 -0.125337751432738 0.0580027620464864 -0.0332959310036341 0.053975679224721 -0.139086318325174 0.0724944563179058 -0.0264627505562452 0.0543527075095643 -0.132992099737231 0.0800665986247406 -0.0227942079949654 0.0564399258497386 -0.133416462660453 0.0878280466705222 -0.0291219026942929 0.0558397334022142 -0.138567780162633 0.080323974774047
35 -0.0730999999999399 -0.0587778002340498 0.0405684659672822 -0.138291993529923 0.0207363930618233 -0.0532269723000737 0.0490177183534145 -0.149299934877094 0.0428459902769467 -0.0597388918159585 0.0487885331992686 -0.155362659745062 0.0358848761131447 -0.0588088766351726 0.0486136339035262 -0.154091599086084 0.0364738458157388 -0.0536549804012431 0.0492510746411911 -0.150187086697978 0.0428771258954915
36 -0.0706000000000014 -0.0699158690048657 0.0435864203684566 -0.155345252927041 0.0155135149173092 -0.0773604534135363 0.0510049748479652 -0.177328367147919 0.0226074603208468 -0.0707885157491933 0.0511490710636407 -0.171038852876609 0.0294618213782222 -0.0783578413524595 0.0518220978970207 -0.17992915323062 0.0232134705257011 -0.0768206188813304 0.051564331016415 -0.177886707673504 0.0242454699108429
37 -0.0565999999999849 -0.0438319555529405 0.0420346463015226 -0.126219862303925 0.0385559511980438 -0.0448625767540948 0.0495456191509633 -0.141970205881721 0.0522450523735312 -0.046741174829695 0.0489913453025125 -0.142762447176785 0.049280097517395 -0.0276086674497761 0.0511472125566158 -0.127857204060743 0.0726398691611908 -0.0282140643922463 0.051376005877268 -0.128911035911692 0.072482907127199
38 -0.0614000000000071 -0.0434828301148785 0.044238630740141 -0.130190546365555 0.043224886135798 -0.0199722001521287 0.0558830694026152 -0.129501003526807 0.0895566032225493 -0.0247338907478884 0.0539249045429575 -0.130424761521845 0.0809569800260686 -0.0221460363179126 0.0546427035587635 -0.129245735293089 0.0849536626572637 -0.0164032805331203 0.0554379745250123 -0.125061710602144 0.0922551495359038
39 -0.0623999999999968 -0.0414795723926173 0.0438399571611697 -0.12740588842851 0.0444467436432754 -0.04461881606684 0.0506827725079971 -0.143955224819151 0.054717592685471 -0.0393825631673639 0.0506565326471049 -0.138667542737367 0.0599024164026391 -0.0385296612276714 0.0520452795820805 -0.140538409208549 0.0634790867532064 -0.0411341881225265 0.0520410657830934 -0.14313467705739 0.0608663008123365
40 -0.0707999999999895 -0.0244886455104538 0.0427917210019853 -0.108360418674345 0.0593831276534375 -0.0210825193126552 0.0513745988567442 -0.121774882792066 0.079609844166756 -0.0207639578712004 0.0509908396986237 -0.120704167221958 0.0791762514795573 -0.0127930102732469 0.0523327592329834 -0.115365218369894 0.0897791978234006 -0.0116324465926621 0.0525803902036406 -0.114690011391798 0.0914251182064735
41 -0.0682999999999748 -0.0229177742351716 0.0498939619894879 -0.120709939734568 0.0748743912642247 -0.00697123502608593 0.0577736263418251 -0.120205461912338 0.106262991860166 -0.0172768781438002 0.0560668845765216 -0.127165952639147 0.0926121963515463 -0.00663948107653267 0.0572571565132344 -0.118863507842472 0.105584545689407 -0.00777679816838656 0.0580652835921864 -0.121584754009072 0.106031157672299
42 -0.0646999999999467 -0.0712269868918271 0.0442363373872107 -0.15793020817076 0.0154762343871058 -0.0710417382316738 0.0516904989690662 -0.172353254553948 0.0302697780906008 -0.0688614708789944 0.0510111679517295 -0.168841522873708 0.0311185811157193 -0.0638493505024764 0.0518098905572449 -0.165396735994676 0.0376980349897237 -0.0654218275302693 0.0519357139773729 -0.16721582692592 0.0363721718653817
43 -0.064200000000006 -0.0373574499173239 0.0420699357250077 -0.119814523938339 0.0450996241036912 -0.027492639135949 0.0497649409365388 -0.125030131064328 0.07004485279243 -0.0273445286830106 0.0492124648670602 -0.123799187412891 0.06911013004687 0.0210696553209996 0.0541553722011417 -0.0850748741932382 0.127214184835237 0.0211705103094909 0.054178695954794 -0.0850197337619052 0.127360754380887
44 -0.076099999999956 -0.0871580275382447 0.0397564383337403 -0.165080646672376 -0.00923540840411372 -0.0752436625819215 0.0486990170630019 -0.170691982107907 0.0202046569440637 -0.0808695456458656 0.0480026638561221 -0.174953037965847 0.0132139466741164 -0.0761564111495505 0.0490464453338092 -0.172287444003817 0.0199746217047155 -0.0748763527185138 0.0497004184783066 -0.172289172935995 0.0225364674989671
45 -0.0699000000000125 -0.0756254452040213 0.0477963287917098 -0.169306249635772 0.0180553592277299 -0.0800368068986607 0.053036901339315 -0.183987223375322 0.0239136095780007 -0.0753826526419021 0.0546445054793448 -0.18248391533442 0.0317186100506153 -0.0746419586946002 0.0536628380616136 -0.179821121295363 0.0305372039061625 -0.0703150507779361 0.0543257459483694 -0.17679351283674 0.0361634112808678
46 -0.0613000000000024 -0.119844307972156 0.0450969070443843 -0.208234245779149 -0.0314543701651625 -0.121374012771993 0.052146353763288 -0.223578988073123 -0.0191690374708641 -0.119605669761537 0.0552587824885935 -0.227910893268713 -0.0113004462543607 -0.11448160387905 0.0540635517886369 -0.220446165384778 -0.00851704237332196 -0.115272648709211 0.0538614233472454 -0.220841038469812 -0.0097042589486102
47 -0.0694000000000178 -6.82518422847056e-05 0.0500652312335092 -0.0981961050599627 0.0980596013753932 0.00198925379413495 0.0555863691272225 -0.10695802772657 0.11093653531484 0.00782201721819337 0.0601960074161877 -0.11015998933064 0.125804023767027 0.00944422766933489 0.0582943237148296 -0.104812646811731 0.123701102150401 0.0102533325622812 0.0581485407412005 -0.103717807290472 0.124224472415034
48 -0.0706999999999926 -0.0257872289844879 0.04113269771887 -0.106407316513473 0.0548328585444973 -0.0247093518670198 0.051973572212636 -0.126575681551678 0.0771569778176385 -0.0228991591134043 0.0518017149839966 -0.124428654819446 0.0786303365926378 -0.00884029639539208 0.0506589225118149 -0.108131784518549 0.0904511917277652 -0.00838436510240625 0.0506267775492026 -0.107612849098843 0.0908441188940309
49 -0.069599999999975 0.0347017475621131 0.0399171847309236 -0.0435359345104971 0.112939429634723 0.0331789718665253 0.0487887485304297 -0.0624452181038985 0.128803161836949 0.0365278252730529 0.0486335531620846 -0.0587921873648468 0.131847837910953 0.0381393564033222 0.0477043170855187 -0.0553611050842944 0.131639817890939 0.0384092770288363 0.0484211531955199 -0.0564961832343827 0.133314737292055
50 -0.0713999999999763 0.00868758271543268 0.0446040181109345 -0.0787362927819989 0.0961114582128642 0.00752288465726669 0.0529176225395397 -0.0961937496677161 0.11123951898225 0.00268337330741208 0.0528098849732687 -0.100822099267898 0.106188845882722 0.00519268822091906 0.0523986768955307 -0.0975087184943212 0.107894094936159 0.00565600910758884 0.0525350513295037 -0.0973126914982384 0.108624709713416
51 -0.0803999999999916 -0.0133753594955422 0.0496447459392285 -0.11067906153643 0.0839283425453455 -0.00825948089279671 0.0553280666976169 -0.116700498954356 0.100181537168762 -0.0111078537954508 0.0548455996333072 -0.118603253787236 0.0963875461963345 0.00249061330028721 0.0570686578971646 -0.109363956178155 0.11434518277873 0.00365589260068722 0.0570670129961706 -0.108195452871807 0.115507238073182
52 -0.0694999999999806 -0.133176299097837 0.0417284359178608 -0.214964033496845 -0.0513885646988301 -0.130591832728141 0.0494451829484948 -0.227502610516185 -0.0336810549400975 -0.133315160073084 0.048659998438793 -0.228687004500893 -0.037943315645274 -0.127882635841171 0.0514849944810823 -0.228793225024093 -0.02697204665825 -0.122440689919189 0.0520113658641856 -0.224382967012993 -0.0204984128253851
53 -0.0646999999999749 -0.00411026754971833 0.042133315692906 -0.086691566307814 0.0784710312083774 -0.000447836030936732 0.0507834903260439 -0.0999816480792211 0.0990859760173476 0.00527805822522309 0.0500645693333465 -0.0928466945696444 0.103402811020091 0.0336564800957949 0.050227230095834 -0.0647888908920397 0.132101851083629 0.0360701181692842 0.0511664523008185 -0.0642161283403201 0.136356364678889
54 -0.0605999999999631 -0.0717002317352152 0.0473899181018993 -0.164584471214938 0.0211840077445074 -0.0596333078329309 0.0540921809848128 -0.165652034408386 0.0463854187425245 -0.0684654419468634 0.0538702664650538 -0.174049224055945 0.0371183401622179 -0.0501677007076103 0.0554436501722898 -0.158837255045298 0.0585018536300778 -0.0485051675739924 0.0555908715448984 -0.157463275801993 0.0604529406540084
55 -0.0682999999999757 -0.0760402105617336 0.0448695590063081 -0.163984546214097 0.0119041250906302 -0.0786864730649315 0.0547590311803544 -0.186012202006732 0.028639255876869 -0.076584605647041 0.0557406013235871 -0.185834176717877 0.0326649654237954 -0.0780509781516853 0.0527239712283934 -0.181389961759336 0.0252880054559658 -0.0745163938127093 0.0528689338747667 -0.178139504207252 0.0291067165818335
56 -0.059699999999969 -0.123071813649694 0.0454848900167772 -0.212222198082577 -0.0339214292168104 -0.123777544246729 0.0507086512849907 -0.223164674469912 -0.0243904140235467 -0.124062106550865 0.0504123254753938 -0.222868448859547 -0.0252557642421817 -0.12311523506385 0.0550795784427753 -0.23107120881169 -0.0151592613160109 -0.120339463505856 0.0553858420124014 -0.228895713850162 -0.0117832131615491
57 -0.067199999999982 -0.0567753488391551 0.0439575666196446 -0.142932179413658 0.0293814817353483 -0.0718291462651044 0.0533314248131456 -0.176356818143076 0.0326985256128667 -0.0599980246343734 0.0511296684178618 -0.160210333274858 0.0402142840061108 -0.0672300023873214 0.0533805672932376 -0.171855914282067 0.0373959095074243 -0.0683608815360642 0.0543293981987552 -0.174846502005624 0.0381247389334961
58 -0.0707999999999787 0.0439229282153154 0.0477864381858625 -0.0497384906289752 0.137584347059606 0.0458585382235963 0.0530999718870313 -0.0582154942550745 0.149932570702267 0.0414622692031645 0.05655412358144 -0.0693817761936852 0.152306314600014 0.0338038847221819 0.0555845888387369 -0.0751419094017425 0.142749678846106 0.0298176555971988 0.0560163859415888 -0.0799744608483152 0.139609772042713
59 -0.0522999999999756 -0.0384772133062508 0.0441892358526224 -0.125088115577391 0.0481336889648891 -0.0465362291043932 0.0526558784598248 -0.149739854459968 0.0566673962511818 -0.0459777713283955 0.0527401638834519 -0.149346593078701 0.0573910504219104 -0.0412825760954201 0.0533966842229972 -0.145940077172495 0.0633749249816544 -0.0414250985715163 0.0530950723582698 -0.145491440393725 0.0626412432506926
60 -0.060599999999982 -0.0245759561926238 0.0451029990222375 -0.112977834276209 0.0638259218909616 -0.0233302146131191 0.0522719538834116 -0.125781361626144 0.0791209323999062 -0.0296476830366469 0.0518419915179221 -0.131256119298605 0.0719607532253114 -0.0337351286674552 0.0535179527737082 -0.138630316103923 0.071160058769013 -0.0293905557048136 0.0535441785902194 -0.134337145741644 0.0755560343320163
61 -0.0594999999999866 -0.102832519045882 0.0393757242801588 -0.180008938634993 -0.0256560994567704 -0.108729279279329 0.04767194681297 -0.202164578105659 -0.0152939804529984 -0.111042203576024 0.0477259462310824 -0.204583339317041 -0.0175010678350077 -0.105930714216895 0.0480183920019678 -0.200046762540752 -0.0118146658930381 -0.107901005829517 0.0477700551572095 -0.201530313937647 -0.014271697721386
62 -0.0712999999999706 -0.0800368385725626 0.0441653212533457 -0.16660086822912 0.00652719108399503 -0.0774102043056221 0.0517014276777422 -0.178743140503299 0.023922731892055 -0.0747004688614604 0.0511220678064977 -0.17489788057741 0.0254969428544895 -0.0669633275061408 0.0530037975420098 -0.17085077068848 0.0369241156761984 -0.0647919834018059 0.0536311256010794 -0.169908989579922 0.0403250227763098
63 -0.0558999999999729 -0.0533836314261479 0.0439948130711159 -0.139613465045535 0.0328462021932392 -0.0652797614904932 0.0505652318727242 -0.16438579483095 0.0338262718499631 -0.0589585874653359 0.0505850863624258 -0.158103534890539 0.0401863599598668 -0.0645575427019807 0.0518408309475299 -0.166165571359139 0.0370504859551779 -0.0702887290420215 0.0519596133137114 -0.172129571136896 0.0315521130528527
64 -0.0682999999999918 -0.0647011834146501 0.0445154601959852 -0.151951485398781 0.0225491185694808 -0.0563624090100913 0.0521944545621305 -0.158661660144579 0.0459368421243968 -0.0637348337762609 0.0509419648318087 -0.163579250148312 0.0361095825957902 -0.0449471126858131 0.0528486718095115 -0.148530509432456 0.0586362840608295 -0.0353772313980222 0.0539506226786443 -0.141120451848165 0.0703659890521205
65 -0.0492999999999852 -0.0712250076235856 0.0441086062176924 -0.157677875810263 0.0152278605630915 -0.0689510408751565 0.049936294271845 -0.166824379169366 0.0289222974190535 -0.0683334779146483 0.0494532370031801 -0.165260041359805 0.0285930855305082 -0.0571379728912007 0.0533232605448061 -0.161651563559021 0.0473756177766192 -0.061505712240521 0.0532343138116927 -0.165844967311439 0.0428335428303967
66 -0.0602000000000005 -0.0129843130781661 0.0442322868545962 -0.0996795953131745 0.0737109691568424 -0.0143479931218034 0.0525365730934098 -0.117317784256043 0.0886217980124357 -0.0171844781840279 0.0521250690004625 -0.1193477361166 0.0849787797485438 -0.0181554874558472 0.0527250039521719 -0.121496495202104 0.0851855202904098 -0.0139317077412559 0.0534473171436121 -0.118688449342736 0.0908250338602237
67 -0.0593999999999643 -0.0637040071742787 0.0413868923320321 -0.144822316145062 0.0174143017965043 -0.0571287192744533 0.0498214862616293 -0.154777038003504 0.0405195994545972 -0.0607364333765834 0.0499205321649435 -0.158578878508946 0.0371060117557791 -0.0593536904976855 0.0507737579788002 -0.158870256136134 0.040162875140763 -0.0530015356287324 0.0516942186943604 -0.154322204269679 0.0483191330122139
68 -0.0567999999999592 -0.0536097914360054 0.0445524602485336 -0.140932613523131 0.0337130306511205 -0.048797517734105 0.052523646898409 -0.151741973991685 0.0541469385234755 -0.0514759032908799 0.0519979698069579 -0.153390051381719 0.0504382447999587 -0.0452559057413465 0.0520927201687327 -0.147357637272063 0.0568458257893695 -0.0461142049653357 0.0524096068398811 -0.148837034371503 0.0566086244408312
69 -0.0474999999999808 -0.115063461053904 0.0423828421530081 -0.1981338316738 -0.0319930904340086 -0.107962487164787 0.0508652407368334 -0.20765652707394 -0.00826844725563364 -0.112969774317635 0.0491064734140865 -0.209216693617019 -0.0167228550182522 -0.0976145638787161 0.0516463782552767 -0.198841465259058 0.00361233750162622 -0.099495960941256 0.0517181383785945 -0.200863512163301 0.0018715902807892
70 -0.0668999999999688 -0.114324152575406 0.0400620510726968 -0.192845772677892 -0.0358025324729202 -0.11148419470339 0.0498198325160884 -0.209129272150741 -0.0138391172560397 -0.116490972006688 0.0497795563252579 -0.214057109570577 -0.0189248344427996 -0.107457897584608 0.0494925123464111 -0.204463221783574 -0.0104525733856428 -0.105115785905373 0.0494408523270247 -0.202019856466341 -0.00821171534440458
71 -0.0797999999999406 -0.136543625766024 0.0407867040673309 -0.216485565737993 -0.0566016857940558 -0.147672998213934 0.0488555431662344 -0.243428103264895 -0.0519178931629728 -0.135508039608547 0.0488223118728296 -0.231198012521275 -0.0398180666958187 -0.124688281522569 0.0484975197640768 -0.219743420260159 -0.029633142784978 -0.128751528627137 0.048151231516098 -0.223127942398689 -0.0343751148555848
72 -0.0623999999999452 -0.0809561837291802 0.04500427246893 -0.169164557768283 0.00725219030992259 -0.0779304863119058 0.0536606237703405 -0.183103376289727 0.0272424036659155 -0.076508692318491 0.0528627045870551 -0.180117689434499 0.0271003047975174 -0.0520560179471443 0.0561770029778284 -0.162162943783688 0.0580509078893994 -0.0521632310972334 0.0566093058537397 -0.163117470570563 0.0587910083760963
73 -0.0602999999999719 -0.0763989495842302 0.0413345458480571 -0.157414659446422 0.00461676027796183 -0.0730875301680712 0.050270352382165 -0.171615610327252 0.0254405499911096 -0.0765780032980255 0.0495695386343107 -0.173732513751541 0.0205765071554902 -0.0690808067793911 0.0488956239184103 -0.164916229659475 0.026754616100693 -0.067105038453818 0.0489832363128965 -0.163112181627095 0.0289021047194591
74 -0.0628999999999505 -0.0162314467212738 0.0441065222648069 -0.102680230360295 0.0702173369177477 -0.0133398555284647 0.0525416692376249 -0.116319634921826 0.0896399238648963 -0.00780462680167782 0.0520070476701179 -0.109736567177367 0.0941273135740109 -0.00294234659515163 0.0537224503871634 -0.108238349353992 0.102353656163689 -0.00272298572357099 0.0541671020327167 -0.108890505707696 0.103444534260554
75 -0.0767999999999863 -0.0598142704394551 0.046400858424866 -0.150759952952192 0.0311314120732822 -0.0651520286303842 0.0539903592309783 -0.170971188235481 0.040667130974713 -0.0646713652522585 0.0537258271199891 -0.169972051447062 0.0406293209425455 -0.039164933946025 0.0553144764126242 -0.147581307714769 0.0692514398227185 -0.041251035088198 0.0550222400583004 -0.149094625602467 0.0665925554260708
76 -0.072799999999999 -0.0827202398392227 0.0433048884819455 -0.167597821263836 0.00215734158539058 -0.0843475437151961 0.0503018971264758 -0.182937450437128 0.0142423630067352 -0.0799298949148615 0.0498962609765415 -0.177724769392094 0.0178649795623711 -0.0710209686389054 0.0513617932363553 -0.171690083382162 0.029648146104351 -0.075852762560852 0.0512510934486065 -0.176304905720121 0.0245993805984168
77 -0.0646999999999869 -0.0587342962015545 0.0438508361782195 -0.144681935110865 0.0272133427077556 -0.0488098405342792 0.0517676176796756 -0.150272506751882 0.0526528256833239 -0.0462090714944188 0.0517601493732941 -0.147657100100489 0.055238957111651 -0.0552325314321175 0.0516537858079739 -0.156473951615746 0.0460088887515113 -0.0496169612366816 0.05213497613344 -0.151801514458224 0.0525675919848609
78 -0.0679999999999926 -0.0317274924027378 0.0446960680859485 -0.119331785851197 0.0558768010457212 -0.0350714694878175 0.0517996693891974 -0.136596955901726 0.0664540169260913 -0.0331070632023608 0.0516995668031926 -0.134436352152941 0.0682222257482193 -0.0399842856418178 0.052410892139212 -0.142709634234673 0.0627410629510378 -0.0395637745523277 0.0522939667279687 -0.142059949339146 0.0629324002344909
79 -0.0695999999999993 -0.086220648772291 0.042211132533594 -0.168954468538135 -0.00348682900644677 -0.0861200304151598 0.0503199176744782 -0.184745256762158 0.012505195931838 -0.0849387506268116 0.049427701208361 -0.181815264833806 0.0119377635801829 -0.0824494952810848 0.0501961684478666 -0.180833985438903 0.0159349948767337 -0.082740846380294 0.0506677346589077 -0.182049606311753 0.0165679135511651
80 -0.0710999999999569 -0.0517602003503957 0.0396768899417004 -0.129526904636128 0.0260065039353371 -0.046771771024356 0.0495220331327041 -0.143833172405655 0.0502896303569432 -0.045976222881596 0.0492373514273848 -0.142479658373412 0.0505272126102199 -0.0214714801917517 0.0496382422563692 -0.118762435014235 0.0758194746307319 -0.0222073412867071 0.0497962029128201 -0.119807898995834 0.0753932164224202
81 -0.0776999999999886 -0.0449826045558686 0.0476248077166617 -0.138327227680526 0.0483620185687884 -0.0360789139255215 0.0540498033745998 -0.142014581911209 0.0698567540601655 -0.0429657661682077 0.0534482132404531 -0.147722339157513 0.0617908068210973 -0.0251078215768367 0.0563746283172264 -0.1356020930786 0.0853864499249271 -0.0273230936754762 0.0574961395532676 -0.140015527199881 0.0853693398489283
82 -0.0777999999999692 -0.0643467605238414 0.044230028068479 -0.15103761553806 0.0223440944903775 -0.0644109705258231 0.0499390039682041 -0.162289619727306 0.0334676786756598 -0.0630904685290135 0.0496177900175962 -0.160339549955973 0.034158612897946 -0.0541264472488998 0.0534018219186942 -0.15879401820954 0.0505411237117408 -0.0588096566399796 0.0531051075160761 -0.162895667371489 0.0452763540915296
83 -0.0524999999999846 -0.0578324794162852 0.0480285409471447 -0.151968419672689 0.0363034608401185 -0.0582213023694678 0.0552730423496774 -0.166554474690793 0.0501118699518572 -0.0552413660467407 0.0559933344735195 -0.164986284989144 0.0545035528956624 -0.034267771315263 0.056554586237289 -0.145114760340349 0.0765792177098234 -0.034519017191185 0.056671466153472 -0.14559509085199 0.07655705646962
84 -0.0655999999999687 -0.114337326252946 0.0425225994709905 -0.197681621216087 -0.0309930312898044 -0.121530251056753 0.0498265975906668 -0.21918858780663 -0.0238719143068763 -0.117126563922863 0.049665770336968 -0.214469685047758 -0.0197834427979684 -0.119560926200404 0.0524667194811087 -0.222395696383377 -0.0167261560174314 -0.119448575210059 0.0518620511882778 -0.221098195539084 -0.0177989548810346
85 -0.0711999999999967 -0.152394882440424 0.0426588067595125 -0.236006143689069 -0.0687836211917797 -0.158712248123015 0.0511291786603911 -0.258923596856496 -0.0585008993895346 -0.156282995461864 0.053965254050696 -0.262052949817782 -0.0505130411059454 -0.137949345447376 0.0498881731006368 -0.235730164724624 -0.0401685261701278 -0.13842948277529 0.0499347900286304 -0.236301671231405 -0.040557294319174
86 -0.0535999999999518 -0.0612035864961444 0.0392020224225143 -0.138039550444272 0.0156323774519836 -0.0590950749153086 0.0473214732529953 -0.151843458186555 0.0336533083559377 -0.0604484475449557 0.0467992792981562 -0.152173349471773 0.0312764543818614 -0.059893673620581 0.049874440178713 -0.157647576370859 0.0378602291296965 -0.0598572118321047 0.0498378354001801 -0.157539369216458 0.0378249455522484
87 -0.0660999999999556 -0.140913069083035 0.0435504118938714 -0.226271876395023 -0.0555542617710466 -0.142692929424401 0.0501731813396119 -0.241030557839838 -0.0443553010089649 -0.135864454582948 0.0501365674252767 -0.234130321044954 -0.0375985881209411 -0.130456773132192 0.050716069875692 -0.229860270088548 -0.0310532761758354 -0.131124957829324 0.0508014884898953 -0.230695875269519 -0.031554040389129
88 -0.0678999999999961 0.0119324284506832 0.0421188920278491 -0.0706205999239011 0.0944854568252674 0.0133986934291471 0.0515851870547816 -0.0877064153339867 0.114503802192281 0.0104244939499691 0.0517708693364223 -0.0910445453977476 0.111893533297686 0.0186424968958159 0.0510227021818086 -0.081361999380529 0.118646993172161 0.0187979198563058 0.0512133760904817 -0.0815802972810384 0.11917613699365
89 -0.062199999999995 0.0107870919620673 0.0463089386408054 -0.0799784277739113 0.101552611698046 0.00914969992337222 0.0529739179382287 -0.0946772713555363 0.112976671202281 0.0134267810993783 0.0520822309695844 -0.0886525158355037 0.11550607803426 0.0208360155649219 0.0567807149439259 -0.0904541857251728 0.132126216855017 0.0129666720331028 0.0565116366823229 -0.09779613586425 0.123729479930456
90 -0.0683999999999499 -0.00333562853189068 0.0479932165140624 -0.097402332899453 0.0907310758356717 -0.000641142649885684 0.0538602220840835 -0.106205238134018 0.104922952834247 0.00739324207095704 0.0535040869911894 -0.0974728414574723 0.112259325599386 0.00367800804332957 0.0542675912715779 -0.102686470848963 0.110042486935622 0.00508714544536037 0.0540554766324906 -0.100861588754321 0.111035879645042
91 -0.0697999999999833 -0.0154674202074785 0.0475257442537946 -0.108617878944916 0.0776830385299589 -0.0110122621115662 0.054177165253156 -0.117197554792227 0.0951730305690943 -0.0097878139081462 0.0543183969097281 -0.116249915549165 0.0966742877328725 -0.000165898816274046 0.0564026903794963 -0.110715171960087 0.110383374327539 -0.000771972279840105 0.0563026103028405 -0.111125088473407 0.109581143913727
92 -0.0639000000000093 -0.0671356974895153 0.0477343245363869 -0.160694973580834 0.026423578601803 -0.0527661565241581 0.0543742680296446 -0.159337763547989 0.053805450499673 -0.0574701522149371 0.0559775385168011 -0.167184111651071 0.0522438072211968 -0.0276913506810731 0.0564668963973125 -0.138366467619806 0.0829837662576594 -0.0249509781076624 0.0562224652931073 -0.135147010082153 0.0852450538668279
93 -0.0529999999999681 -0.0448957550972645 0.0416666540851221 -0.126562397104104 0.0367708869095749 -0.0509761486711965 0.049735787245438 -0.148456500415002 0.0465042030726085 -0.044155011262182 0.0496703946351879 -0.141507195845042 0.0531971733206777 -0.0318131292876592 0.0492553193493753 -0.128353555212435 0.0647272966371164 -0.0333277926779746 0.0493539440774373 -0.130061523069752 0.0634059377138024
94 -0.0660999999999788 -0.0659596368908273 0.0446011717144721 -0.153377933451193 0.021458659669538 -0.0752622484269087 0.0523222707097701 -0.177812014607413 0.0272875177535957 -0.062003195034087 0.0523514852439342 -0.164610220649378 0.0406038305812041 -0.0652116544986381 0.0526839915879835 -0.168472278011086 0.0380489690138096 -0.0656471316358062 0.0525741328140635 -0.168692431951371 0.0373981686797582
95 -0.0577999999999885 -0.077541806452455 0.0441944435963531 -0.164162915901307 0.00907930299639698 -0.0842422616118539 0.0518754443102898 -0.185916264142035 0.0174317409183273 -0.0852248867038283 0.0539790445652082 -0.191021869971519 0.0205720965638623 -0.087748988728681 0.0520476091606158 -0.189762302683488 0.014264325226126 -0.0937652657918332 0.0521531389584328 -0.195985418150361 0.0084548865666951
96 -0.0662999999999456 -0.0928676572073376 0.0394658917410033 -0.170220805019704 -0.0155145093949712 -0.0928487179327473 0.0481524617750203 -0.187225808778729 0.00152837291323407 -0.0922551685334722 0.0477340429755002 -0.18581217360194 0.00130183653499535 -0.0788433108337032 0.0482891788667359 -0.173490101412505 0.0158034797450992 -0.0792988324531273 0.0487240045114097 -0.17479788129549 0.0162002163892356
97 -0.0700999999999669 -0.0617420179876935 0.0480300664396785 -0.155880948209463 0.0323969122340763 -0.0684205945887451 0.0525992147321052 -0.17151316107876 0.0346719719012697 -0.0653823282637859 0.0522216248814147 -0.167734832245519 0.0369701757179475 -0.0692608008925891 0.0540409763485096 -0.175181114535668 0.0366595127504898 -0.068214710676995 0.0545043713224705 -0.175043278469037 0.0386138571150472
98 -0.0582999999999685 -0.119085544661001 0.0411377878991662 -0.199715608943366 -0.0384554803786351 -0.123316167079714 0.047749152658083 -0.216902786581861 -0.0297295475775661 -0.119448766521721 0.0477129366882472 -0.212964404027325 -0.0259331290161166 -0.11218431755494 0.0497622529725246 -0.209718333381088 -0.0146503017287918 -0.108635796463874 0.049697909526198 -0.206043699135222 -0.011227893792526
99 -0.0561999999999891 -0.0963682170512509 0.0434467596567093 -0.181523865978401 -0.0112125681241007 -0.101220516117804 0.0500425234835729 -0.199302059841106 -0.00313897239450096 -0.0945526639233409 0.0501426793001905 -0.192830509440056 0.00372518159337454 -0.100309079773623 0.051414439992839 -0.201081382159588 0.000463222612341191 -0.0998547906738833 0.0516492223968408 -0.201087266571691 0.00137768522392463
100 -0.0760999999999604 -0.0354696151918734 0.0411133017644671 -0.116051686650229 0.045112456266482 -0.0205345656872294 0.0516264755880469 -0.121720598488538 0.0806514671140789 -0.0192764571613931 0.0511809813568042 -0.119589337314145 0.081036422991359 -0.00371888925426872 0.0488766056192115 -0.0995170362679233 0.0920792577593859 -0.00355349810677463 0.0494090210863938 -0.100395179436106 0.0932881832225572
