1 -0.0752999999999888 -0.0539079205155819 0.0502620780790295 -0.15242159355048 0.0446057525193159 -0.0627370123929358 0.0508736653739597 -0.162447564287439 0.0369735395015676 -0.0549570425022161 0.0495060550029021 -0.151987127324563 0.0420730423201309 -0.0632829444770469 0.0509710297021937 -0.163186162693347 0.0366202737392528 -0.0638482508535664 0.0511883120016815 -0.164177342376862 0.0364808406697293
2 -0.0723999999999572 0.0132254306813301 0.0503840382398503 -0.0855272842687766 0.111978145631437 -0.00539122014763371 0.0518839101161051 -0.107081815352313 0.0962993750570457 0.0125868834300756 0.0511392637945125 -0.087644231803062 0.112817998663213 -0.00589080477845588 0.0502655667669378 -0.104411315641654 0.0926297060847421 -0.00623208380237639 0.0502644149273706 -0.104750337060023 0.0922861694552699
3 -0.0696999999999718 0.04824955981081 0.0534150828363614 -0.0564440025484585 0.152943122170078 0.0447734541798465 0.0548127422584754 -0.0626575465406419 0.152204454900335 0.0456303845386405 0.0558905819280739 -0.0639131431153695 0.155173912192651 0.0448509551601383 0.0544515522206263 -0.0618740871922892 0.151575997512566 0.0440523410447914 0.0545340091465949 -0.0628343168825347 0.150938998972117
4 -0.0751999999999703 -0.0636518478811124 0.0503804269186221 -0.162397484641612 0.035093788879387 -0.0627170358695278 0.0503801440691908 -0.161460303781081 0.0360262320420253 -0.0648286373473366 0.0501636433985357 -0.163147571741777 0.0334902970471039 -0.0645055296219881 0.0502931987536004 -0.163080199179045 0.0340691399350686 -0.0642740307715342 0.0507279592871252 -0.1637008309743 0.0351527694312313
5 -0.0693000000000082 0.0549848579199732 0.0510039398786086 -0.0449828642420996 0.154952580082046 0.0651285198003345 0.0519124299895977 -0.036617973329234 0.166875012929903 0.0578198344955824 0.0515461906644889 -0.0432088427470506 0.158848511738215 0.0643871062006011 0.0517594400292376 -0.0370613962567045 0.165835608657907 0.0659012133292535 0.0521154830733228 -0.0362451334944593 0.168047560152966
6 -0.068999999999992 -0.0473646980765502 0.0475975367423859 -0.140655870091627 0.0459264739385262 -0.0484580156966982 0.0474699818935224 -0.141497470554771 0.0445814391613743 -0.0464657975047582 0.047014329421312 -0.138612189927831 0.0456805949183151 -0.0492288336557993 0.0479294304270383 -0.143170517292794 0.0447128499811958 -0.0506293298163343 0.0478603904256301 -0.144435695050569 0.0431770354179007
7 -0.0644999999999878 0.0093439824215305 0.0498490887702751 -0.0883602315682087 0.10704819641127 0.00668142736049498 0.0527129680955165 -0.0966340916249263 0.109996946345916 0.0142845264054096 0.0523465726070374 -0.0883128706184948 0.116881923429314 0.00503913280487511 0.0501623814244253 -0.0932791347869985 0.103357400396749 0.00627322150013726 0.0502634829169708 -0.0922432050171256 0.1047896480174
8 -0.0782999999999432 -0.118074268004298 0.0496087640694842 -0.215307445580487 -0.0208410904281093 -0.120113525791471 0.048700399506943 -0.215564554857791 -0.0246624967251502 -0.119824970910569 0.0486212370732558 -0.215120844457934 -0.0245290973632043 -0.117243394772917 0.0499230125716586 -0.215092499413368 -0.0193942901324665 -0.117705017394189 0.0502853443650339 -0.216264292349656 -0.0191457424387228
9 -0.0637999999999898 -0.0285356985945321 0.0476079054466835 -0.121847193270032 0.0647757960809675 -0.0347797371078241 0.0494916459069701 -0.131781580621095 0.0622221064054464 -0.0293401579410594 0.049480870242399 -0.126320881539861 0.0676405656577423 -0.0447280452901922 0.0469489855413574 -0.136748056951253 0.0472919663708683 -0.0466592784673911 0.0469539661224165 -0.138689052067328 0.0453704951325453
10 -0.0671999999999692 -0.117461171552874 0.0494141635280942 -0.214312932067939 -0.0206094110378097 -0.115237611306352 0.0509920367886407 -0.215180166910429 -0.0152950557022743 -0.117160862604953 0.050681110005144 -0.216494012911548 -0.0178277122983585 -0.118221911137707 0.049951296599069 -0.216126452471882 -0.0203173698035315 -0.11736664980971 0.0501855101583701 -0.215730249720116 -0.0190030498993051
11 -0.0663999999999904 -0.0809490053036297 0.0483758026817564 -0.175765578559872 0.0138675679526129 -0.0844954192648268 0.0484570917574799 -0.17946957390504 0.0104787353753864 -0.0788854221563253 0.0484225208523923 -0.173791819067654 0.0160209747550034 -0.0843223440527039 0.0483217961477023 -0.1790330645022 0.0103883763967926 -0.086891903620995 0.0481573954731489 -0.181280398748367 0.00749659150637676
12 -0.0630999999999914 -0.14361197819956 0.0486776425991433 -0.239020157693881 -0.0482037987052393 -0.149884936413339 0.0488546496009939 -0.245638290108612 -0.0541315827180672 -0.148484474935906 0.0489123128738395 -0.244350846569186 -0.0526181033026256 -0.147386209552696 0.0492551436099296 -0.243926291028158 -0.0508461280772341 -0.145289896190344 0.049749977452709 -0.242799851997653 -0.0477799403830341
13 -0.0536999999999804 -0.131228722218789 0.048624902335644 -0.226533530796651 -0.035923913640927 -0.141786365081527 0.0469135150215664 -0.233735164911976 -0.0498375652510784 -0.137418559693516 0.0491815548224183 -0.233812635849138 -0.0410244835378935 -0.138988707986043 0.0483187527660227 -0.233693463407447 -0.0442839525646386 -0.143716219610828 0.0475673974407177 -0.236948318594634 -0.0504841206270208
14 -0.0685999999999931 -0.0440198973343451 0.0507216549287335 -0.143434340994663 0.0553945463259725 -0.0519525914894451 0.0512056981105253 -0.152313915589305 0.0484087326104151 -0.043599684177013 0.0512016804950065 -0.143953133895153 0.0567537655411267 -0.0482062842810021 0.0508459731927765 -0.147864391738844 0.0514518231768398 -0.0515552227471996 0.0501895090203681 -0.149926660427121 0.0468162149327218
15 -0.0741999999999703 -0.0378635099559115 0.0507886549136501 -0.137409273586666 0.0616822536748427 -0.0225509566374008 0.0522378703615277 -0.124935301175067 0.0798333879002658 -0.0372839113017207 0.0508075405410065 -0.136864860905152 0.0622970383017107 -0.028703407948596 0.0518858635963563 -0.130399700597454 0.0729928847002623 -0.0235182831075382 0.0522819966631605 -0.125990996567333 0.0789544303522564
16 -0.0571999999999984 -0.00392741861226176 0.0555868406631946 -0.112877626312123 0.1050227890876 -0.013476093528848 0.0548455117713352 -0.120971321314333 0.0940191342566366 -0.0150037765847844 0.0554808742094542 -0.123744291866112 0.0937367386965429 -0.0136817112930461 0.0560268967250234 -0.123494428874092 0.0961310062879997 -0.00965892020881592 0.0562426451973843 -0.119894504795689 0.100576664378057
17 -0.0600000000000114 -0.1383015701326 0.0494895393103462 -0.235301067180878 -0.041302073084321 -0.137568895286462 0.048999699876361 -0.233606542297401 -0.0415312482755224 -0.138631714255279 0.0489785884374062 -0.234627983606205 -0.0426354449043529 -0.143706432277262 0.0491615864505101 -0.240063141720262 -0.0473497228342626 -0.14276987909704 0.0493700959626898 -0.239535267183912 -0.0460044910101675
18 -0.0691999999999937 -0.112043874449888 0.0499450478302847 -0.209936168197246 -0.0141515807025303 -0.0977274815201919 0.0518187903930633 -0.199290444413026 0.0038354813726424 -0.101874012691734 0.0510389392454384 -0.201908495421921 -0.00183952996154678 -0.0973520110195391 0.0514521019561547 -0.198198130853602 0.00349410881452404 -0.0974632676674708 0.0514346563913233 -0.198275194194465 0.00334865885952287
19 -0.0528999999999543 -0.165880818022402 0.0466487504953619 -0.257312368993311 -0.0744492670514923 -0.165242515355297 0.046473498001723 -0.256328897674268 -0.0741561330363254 -0.166481787691665 0.0465255942813893 -0.257670276842511 -0.0752932985408195 -0.162909798011502 0.0467435407374271 -0.25452713785686 -0.0712924581661453 -0.166187818739674 0.0463732584553264 -0.257079405312114 -0.0752962321672343
20 -0.0794999999999628 -0.142418198338568 0.04691983324425 -0.234381071497298 -0.0504553251798382 -0.149371164584722 0.0496322794664799 -0.246648644809649 -0.0520936843597944 -0.14494258936923 0.0497063288668102 -0.242365203751881 -0.0475199749865781 -0.155918870765315 0.0463991623485918 -0.246861228968554 -0.0649765125620746 -0.151075045964607 0.0466333296565928 -0.242476372091528 -0.0596737198376846
21 -0.062699999999973 -0.065182958251835 0.0490767560594914 -0.161373400128438 0.0310074836247682 -0.0660462732218315 0.0509317778268599 -0.165870723431073 0.0337781769874095 -0.0643277510268193 0.0499704742309136 -0.162268080809797 0.0336125787561583 -0.0633687903979476 0.0493359729406997 -0.160067297361719 0.0333297165658238 -0.0622964150250184 0.049871252168441 -0.160044069275163 0.035451239225126
22 -0.0632999999999877 -0.112455975222514 0.0514243974416598 -0.213247794208167 -0.0116641562368606 -0.106642623548895 0.0515647204292708 -0.207707618463143 -0.00557762863464754 -0.106679870683858 0.050771342606221 -0.206189873638795 -0.00716986772892043 -0.104035702526222 0.0516122154287404 -0.205195644766553 -0.00287576028589039 -0.103301396304972 0.0516072460547187 -0.20445159857222 -0.0021511940377231
23 -0.0725999999999514 -0.0844968686668945 0.0499524001401562 -0.182403572941601 0.0134098356078116 -0.0795265888698771 0.0510679339186207 -0.179617900115245 0.0205647223754908 -0.0827828044268032 0.0503516425008873 -0.181470210290979 0.0159046014373722 -0.0748322151557334 0.0507756463981288 -0.174352482096066 0.0246880517845991 -0.075360005957109 0.0509136270929864 -0.175150715059362 0.0244307031451443
24 -0.0700999999999747 -0.0666616361528042 0.049606378565846 -0.163890138141862 0.030566865836254 -0.0673559963073464 0.0506284204030646 -0.166585876891506 0.031873884276813 -0.0679795041023558 0.0504635882759186 -0.166886319653814 0.0309273114491023 -0.0707846253107844 0.0498303525256872 -0.168452116261131 0.0268828656395625 -0.0693285042627191 0.0496984425899414 -0.166737451739004 0.028080443213566
25 -0.061499999999988 -0.00323514014054527 0.0513654309359214 -0.103911384774951 0.0974411044938607 -0.000604636613447007 0.0515965707560949 -0.101732057021166 0.100522783794272 0.00285483931999564 0.0509039970346887 -0.0969151615371278 0.102624840177119 0.00272693866711726 0.052030871916177 -0.0992535702885897 0.104707447622824 0.0030209757855611 0.0518102784436393 -0.0985271699639719 0.104569121535094
26 -0.0531999999999666 -0.0281558460885038 0.0509859943166217 -0.128088394949082 0.0717767027720746 -0.0245713153312203 0.0534103648040639 -0.129253706748331 0.0801110760858907 -0.0293309239439876 0.0519464350712993 -0.131144065808983 0.0724822179210075 -0.0266747269685073 0.0521850946648994 -0.12895751251171 0.0756080585746955 -0.0232911994299196 0.0521629986986044 -0.125530676879184 0.078948278019345
27 -0.0573999999999892 -0.0616329039942265 0.0489569980933385 -0.15758862025717 0.034322812268717 -0.0726407249727345 0.0510241237830112 -0.17264616993015 0.027364719984681 -0.0617807858497002 0.0506012432228587 -0.160957400139455 0.0373958284400543 -0.0803792274823705 0.0488823022642809 -0.176188539920361 0.0154300849556201 -0.0767515361172035 0.049004058864707 -0.172799491492029 0.0192964192576222
28 -0.0423999999999906 -0.0421368089303545 0.0502395622579424 -0.140606350955922 0.0563327330952126 -0.0458533568472206 0.0506235532596459 -0.145073698005572 0.0533669843111306 -0.0444149742679573 0.0503267141061797 -0.143053521376313 0.0542235728403988 -0.0508563368791196 0.0504156976444814 -0.149671104262303 0.047958430504064 -0.0498342097344 0.0504938651820825 -0.148802185491282 0.0491337660224816
29 -0.0687999999999445 -0.0441776259793302 0.0515453491316574 -0.145206510277379 0.0568512583187182 -0.0433069558227415 0.0537655560444136 -0.148685509278562 0.0620715976330789 -0.0450653509498775 0.0564948452918741 -0.155793213034113 0.065662511134358 -0.0422490511996982 0.0532842305232422 -0.146686143025253 0.0621880406258565 -0.0405475728078818 0.053086234208049 -0.144596591855658 0.0635014462398942
30 -0.0801999999999688 -0.184530759090063 0.0439373990325626 -0.270648061193886 -0.09841345698624 -0.189870572292716 0.0450287786840241 -0.278125356781228 -0.101615787804203 -0.190911260920084 0.044919954624758 -0.278952754171783 -0.102869767668385 -0.193589808777268 0.0438732859357512 -0.27958144921134 -0.107598168343195 -0.190686978825131 0.0442173001534305 -0.277352887125854 -0.104021070524407
31 -0.0705999999999586 -0.0498433723105383 0.0499419761456522 -0.147729645556017 0.04804290093494 -0.045632924609755 0.0519301958295751 -0.147414238145834 0.0561483889263243 -0.0457311251304212 0.0542266861432182 -0.152013476972086 0.0605512267112437 -0.0450366763861594 0.0501818340954754 -0.143393071213291 0.0533197184409723 -0.0421109230843667 0.050702904563965 -0.141488616029738 0.0572667698610046
32 -0.060299999999972 -0.0964681124941151 0.0491929261653397 -0.192886247778181 -4.99772100493456e-05 -0.0966870498625002 0.0503552603478972 -0.195381546576517 0.00200744685151628 -0.0954192039999355 0.0493170641180369 -0.19207887349454 0.00124046549466944 -0.0917141813408241 0.0501649791686777 -0.190037540511432 0.00660917782978415 -0.0928008706179388 0.0511033014631932 -0.192963341485797 0.00736160024991983
33 -0.0681999999999632 -0.0086999958110433 0.0517190635510876 -0.110069360371175 0.0926693687490884 -0.0166126428858326 0.052266141611369 -0.119052398054986 0.0858271122833208 -0.0170822493414521 0.0515974547174284 -0.118211402281548 0.0840469035986439 -0.00881637415524811 0.052282279431805 -0.111289641841586 0.0936568935310896 -0.0081392533369285 0.0525283437382967 -0.11109480706399 0.094816300390133
34 -0.0618999999999847 -0.0745173674703239 0.0515747024409831 -0.175603784254651 0.026569049314003 -0.0818629839699428 0.052683699510425 -0.185121137582706 0.0213951696428206 -0.0772360355894636 0.0526343538717381 -0.180397473527607 0.0259254023486794 -0.0737973659856738 0.0529237270083336 -0.177527870922008 0.02993313895066 -0.0766703407884198 0.052777064878349 -0.180113387949984 0.0267727063731442
35 -0.0698999999999976 -0.04971868491214 0.0499644304242433 -0.147648968543657 0.0482115987193769 -0.0410826435414844 0.0505983923067589 -0.14025367013836 0.0580883830553916 -0.0433124857540231 0.052765965665241 -0.146731878067372 0.0601069065593262 -0.049899203679315 0.0497766607943837 -0.147461458836307 0.0476630514776769 -0.0441576503421638 0.050341503473362 -0.142826997149953 0.0545116964656258
36 -0.0768999999999916 -0.0775788003383355 0.0491185534350347 -0.173851165071004 0.0186935643943326 -0.0820862651735648 0.0495128154851069 -0.179129600297551 0.0149570699504217 -0.0769433477051876 0.0495601532600185 -0.174079463163109 0.020192767752734 -0.0821036821225759 0.0494523593238288 -0.17903030639728 0.0148229421521286 -0.0823180901420897 0.0494142520969216 -0.179170024252056 0.0145338439678766
37 -0.0541999999999825 -0.0463717037723491 0.0506968310708354 -0.145737492671186 0.0529940851264882 -0.040316311096759 0.0496608986010786 -0.137649883794769 0.0570172616012507 -0.0446792222952723 0.0488343883162286 -0.140392864602124 0.0510344200115794 -0.0335782180184419 0.0514059663059544 -0.134333911978113 0.0671774759412289 -0.03401104698511 0.0514250080160073 -0.134804062696484 0.0667819687262642
38 -0.0613999999999463 -0.0745790398044074 0.0492848274679546 -0.171177301641598 0.0220192220327835 -0.0641066353451584 0.0524913330553946 -0.166987757634229 0.0387744869439118 -0.0664656820820798 0.050834394862463 -0.166099265188395 0.0331679010242358 -0.0688579338363057 0.0509544556503129 -0.168728666910919 0.0310127992383076 -0.064343163450349 0.0516777396652051 -0.165631533194151 0.036945206293453
39 -0.0670000000000059 -0.0488381368609724 0.0494226494033357 -0.14570652969151 0.0480302559695655 -0.0509524707856794 0.0500266443951154 -0.149002892067498 0.0470979504961393 -0.0508036572653142 0.0500272483509547 -0.148855262278826 0.0472479477481978 -0.0487557957550757 0.0498960336813629 -0.146552021770547 0.0490404302603956 -0.050419765833947 0.0498978008860447 -0.148219455570594 0.0473799239027005
40 -0.0746999999999845 -0.0341786967728556 0.0501702794337576 -0.13251244446302 0.0641550509173092 -0.0377208656293819 0.0501240945697129 -0.135962285743699 0.060520554484935 -0.0329551888698875 0.0497312987174921 -0.130426743260575 0.0645163655208 -0.0408943677059609 0.0500307582695156 -0.138954653914212 0.0571659185022897 -0.0410130270017728 0.0501116669338852 -0.139231894192188 0.0572058401886421
41 -0.0656999999999533 -0.0184661584474564 0.0565367901872264 -0.12927826721442 0.0923459503195073 0.0077359311081045 0.0587684981176836 -0.107448208628065 0.122920070844274 -0.00697791254086533 0.0554075265072819 -0.115574668967586 0.101618843885856 0.00580030046853713 0.0579471473441346 -0.107776108325967 0.119376709263041 0.00453848678000773 0.0579523991392027 -0.10904821553283 0.118125189092845
42 -0.0672999999999978 -0.116407448361015 0.0484583527634259 -0.21138581977733 -0.0214290769447003 -0.112199996918323 0.0506623226372395 -0.21149632466046 -0.0129036691761849 -0.114644514109518 0.0498336174440925 -0.212316609519286 -0.0169724186997496 -0.113234757307606 0.0504157302096607 -0.212049588518541 -0.0144199260966715 -0.113812593984729 0.0505902050830003 -0.21296939594741 -0.0146557920220484
43 -0.0659999999999987 -0.0351876344462894 0.0495018875860152 -0.132211334114879 0.0618360652223005 -0.0179474573742828 0.0501431733753049 -0.116226271260428 0.0803313565118626 -0.0221417238549772 0.0494961588203752 -0.119152412515987 0.0748689648060328 -0.016266512024457 0.0514218777175908 -0.117053392350935 0.0845203683020209 -0.014349832866537 0.0514742237460723 -0.115239311408839 0.0865396456757647
44 -0.0784999999999779 -0.064037816599427 0.047489249832448 -0.157116746271025 0.0290411130721711 -0.0641238051705809 0.0483168168003796 -0.158823025946945 0.0305754156057829 -0.0606380685630524 0.0484685825793938 -0.15563474480037 0.0343586076742649 -0.0688066814092504 0.0475482921694204 -0.162001334061314 0.0243879712428135 -0.0649975635986916 0.0476072506902079 -0.158307774951499 0.0283126477541159
45 -0.0698000000000121 -0.0944107527169727 0.0535330162829125 -0.199335464631481 0.0105139591975358 -0.0942289672441727 0.0529492812709763 -0.198007651542567 0.0095497170542221 -0.0977075788583658 0.0545005852655304 -0.20452676311516 0.00911160539842819 -0.0967417160183303 0.0531044513327311 -0.200826440630483 0.00734300859382267 -0.0930763745642311 0.0536495566298618 -0.19822950555876 0.0120767564302981
46 -0.062699999999997 -0.120832721899886 0.0528085000821837 -0.224337382060966 -0.0173280617388056 -0.122116190516244 0.0523430561091454 -0.224706695330928 -0.0195256857015597 -0.121033604076666 0.0565886990060173 -0.231945416060438 -0.010121792092895 -0.123126948723375 0.0528611703067894 -0.226734842524682 -0.0195190549220678 -0.124265478269366 0.0526072740401267 -0.227375735388014 -0.0211552211507173
47 -0.0712000000000204 0.0120634182132656 0.0557061284378345 -0.09712059352489 0.121247429951421 0.012940647010772 0.0548065331735103 -0.0944781841268079 0.120359478148352 0.0177807197383164 0.0599761125432726 -0.0997703007792188 0.135331740255852 0.0184845078379108 0.0571237580213052 -0.0934780578838475 0.130447073559669 0.0187362505460398 0.0566782009607137 -0.0923530233369591 0.129825524429039
48 -0.0674999999999717 -0.00531843548758193 0.0483993310381645 -0.100181124322384 0.0895442533472204 -0.00195355817213239 0.0514796241923151 -0.102851767526727 0.0989446511824621 -0.000547298186206191 0.050871560890674 -0.100253725369263 0.0991591289968511 -0.00808166430831092 0.0493840383713077 -0.104874379516074 0.0887110508994522 -0.00804107471831667 0.0493399699462891 -0.104747415813043 0.0886652663764099
49 -0.0728999999999657 0.0531128822669881 0.0461121870969817 -0.0372670044430961 0.143492768977072 0.0578276236717883 0.048415986233147 -0.0370659656211669 0.152721212964743 0.0520485332589641 0.0481074085062058 -0.0422402548027551 0.146337321320683 0.0563319147583741 0.0463067262176355 -0.0344292686281915 0.14709309814494 0.0584000857469627 0.0464495079437647 -0.0326409498228162 0.149441121316742
50 -0.0621999999999721 0.0197679078758018 0.0508436427230518 -0.0798856318613797 0.119421447612983 0.0197557082381419 0.0519263572113824 -0.0820180817445293 0.121529498220813 0.0180561067411144 0.0521014978751852 -0.0840609526348388 0.120173166117068 0.0181403108546169 0.0512931867560643 -0.0823943351872691 0.118674956896503 0.0186997450707663 0.0513043561382053 -0.0818567929601161 0.119256283101649
51 -0.0780999999999613 -0.000212887047262855 0.0564485753946355 -0.110852094820748 0.110426320726223 0.0026238550008536 0.0559479156790714 -0.10703204474021 0.112279754741917 -0.00317735409208125 0.0554815521658433 -0.111919198143514 0.105564489959352 0.00356894792826146 0.0574960121503592 -0.109123235886443 0.116261131742966 0.00519271377334485 0.0574817656608845 -0.107471546921989 0.117856974468679
52 -0.0730999999999791 -0.124984550729349 0.0508209236046853 -0.224593560994532 -0.0253755404641658 -0.127405838161225 0.0493131982638721 -0.224057930720897 -0.0307537456015524 -0.125879183508112 0.0488026046078679 -0.221530530891282 -0.0302278361249428 -0.125823993821835 0.0516665696258572 -0.227090470288515 -0.0245575173551548 -0.12204782540471 0.0519828890256551 -0.223934287894994 -0.0201613629144259
53 -0.0677999999999632 0.0118221137359432 0.0493175023333423 -0.0848401908374078 0.108484418309294 0.0147974871852584 0.0513299490068437 -0.0858073641964328 0.11540233856695 0.0177954841757591 0.0510033365185372 -0.0821692184919503 0.117760186843469 0.0247398560631689 0.0498629401639276 -0.0729915066581293 0.122471218784467 0.0213609102743886 0.0502334956935063 -0.0770967412848839 0.119818561833661
54 -0.0627999999999897 -0.0835828236241782 0.0523689134514499 -0.18622589398902 0.0190602467406636 -0.0772662107810866 0.0524984029615654 -0.180161189831626 0.0256287682694524 -0.0793967643929351 0.0522246425398908 -0.1817551828766 0.0229616540907293 -0.0748665787604289 0.0532308254092742 -0.179198996562606 0.0294658390417485 -0.0750482456662711 0.0532295059819329 -0.17937807739086 0.0292815860583173
55 -0.0675999999999298 -0.0760408310123065 0.0508468673936252 -0.175700691103812 0.0236190290791989 -0.0746364184125462 0.0538270042422275 -0.180135408122997 0.0308625712979044 -0.0745334570987767 0.0571826261308282 -0.186609344856619 0.0375424306590654 -0.0800856139904341 0.0518855045372876 -0.181781202883518 0.0216099749026496 -0.0783084024930432 0.051762990394187 -0.17976386366565 0.0231470586795633
56 -0.0636999999999867 -0.0950915028569344 0.0529398144901123 -0.198853539257554 0.00867053354368565 -0.0997968412741498 0.0511987206532915 -0.200144489809128 0.000550807260828456 -0.103423409019262 0.0509508036529846 -0.203285149162484 -0.00356166887604045 -0.098746675570946 0.0535710065100665 -0.203745848330676 0.00625249718878436 -0.0974618252313129 0.0534612729532935 -0.202245920219768 0.00732226975714242
57 -0.0700999999999964 -0.0567518065720622 0.0521218336203068 -0.158910600467864 0.0454069873237392 -0.0744748752898941 0.0528488615988505 -0.178056740647583 0.0291069900677947 -0.0621592328235525 0.0506388805859455 -0.16140961498943 0.0370911493423253 -0.0638452982703125 0.0522181381951723 -0.16619284913285 0.0385022525922252 -0.0708106170242633 0.051989728643933 -0.172710485166372 0.0310892511178453
58 -0.0646999999999702 0.056111596943222 0.0536921713062273 -0.0491250588169835 0.161348252703427 0.0577325003636721 0.051734692506055 -0.04366563369945 0.159130634426794 0.0527124448990879 0.0544505581698355 -0.0540086880518929 0.159433577850069 0.0506332553690926 0.0535320133562992 -0.0542894908092538 0.155556001547439 0.0539064214801944 0.053656930395978 -0.0512611620959226 0.159074005056311
59 -0.0629999999999652 -0.0446644205261916 0.0506852511300761 -0.144007512741141 0.0546786716887575 -0.0542602743000788 0.0522393404908737 -0.156647500238316 0.0481269516381586 -0.0454542717599092 0.0522183352196285 -0.147800328123021 0.0568917846032021 -0.045713692696385 0.0516569661251393 -0.146961346301658 0.0555339609088881 -0.0499448013391402 0.0509807717668963 -0.149867114002257 0.0499775113239765
60 -0.0653999999999689 -0.0451567053802782 0.0511046661788822 -0.145321851090887 0.055008440330331 -0.0390347098696295 0.0522155869744913 -0.141375379771251 0.0633059600319923 -0.0483371810259868 0.0514352175518945 -0.149148354964682 0.0524739929127088 -0.0401878168387721 0.0520067027998874 -0.142120954326551 0.0617453206490071 -0.0373803420613653 0.0518055863337647 -0.138919291275544 0.0641586071528135
61 -0.0665000000000182 -0.0965119339716897 0.0463014073806982 -0.187262692437858 -0.00576117550552116 -0.102939375412616 0.0461847317086361 -0.193459786197188 -0.0124189646280444 -0.0963619381818998 0.0463747999634129 -0.187254875900439 -0.00546900046336105 -0.10709509765283 0.0462171712407081 -0.197680753284617 -0.0165094420210417 -0.106541274060877 0.0461619076198048 -0.197018612995694 -0.0160639351260592
62 -0.067899999999983 -0.0992563552938823 0.0494465598341071 -0.196171612568732 -0.00234109801903233 -0.0969364781154166 0.0508130246999149 -0.196528176472794 0.0026552202419608 -0.093488870899303 0.0506527134444255 -0.192766364969605 0.00578862317099882 -0.102771793615263 0.0502734430536628 -0.201307742000442 -0.00423584523008412 -0.0972650018353203 0.0506753677291354 -0.196588722584426 0.00205871891378509
63 -0.0537999999999467 -0.0906928939823244 0.0487824593432505 -0.186306514295095 0.00492072633044663 -0.0993693865894485 0.0495681687328243 -0.196521212085388 -0.00221756109350851 -0.0935476011737642 0.0498433699529343 -0.191238811149621 0.00414360880209287 -0.0955584113105682 0.0485338658701136 -0.190684788415991 -0.000432034205145593 -0.0968236917556207 0.048198368915693 -0.191292494830379 -0.00235488868086244
64 -0.0675999999999865 -0.0940035576312938 0.049387543343955 -0.190803142585445 0.00279602732285797 -0.0814555531834779 0.0513631389214027 -0.182125455602355 0.019214349235399 -0.0844159924152501 0.0511226503072479 -0.184614545811692 0.0157825609811914 -0.0815057566303555 0.050688014075085 -0.180854264217522 0.0178427509568111 -0.0759619419355159 0.0517202152359032 -0.177333563797886 0.0254096799268544
65 -0.049699999999994 -0.0847485482806936 0.0510532823434214 -0.1848129816738 0.0153158851124123 -0.086334207655363 0.0483225297964601 -0.181044625698288 0.00837621038756238 -0.0857406390643494 0.0483182751939874 -0.18044271823966 0.00896144011096095 -0.079249618199475 0.0513089013076794 -0.179815064762527 0.0213158283635767 -0.0847064968075034 0.0512485519753375 -0.185153658679165 0.015740665064158
66 -0.0589999999999892 -0.0498370205628988 0.0511686031871553 -0.150127482809723 0.0504534416839256 -0.0496309851511373 0.0522967944498523 -0.152130818779742 0.0528688484774673 -0.0564506760592311 0.0508043680065118 -0.156025407609313 0.0431240554908511 -0.0521878000834604 0.0520627622547949 -0.154230814102858 0.0498552139359375 -0.0496783596837846 0.0525172169630106 -0.152612104931286 0.0532553855637162
67 -0.0678999999999665 -0.0550628984216825 0.0492724059157789 -0.151636814016609 0.041511017173244 -0.0447920030955323 0.0494345866660815 -0.141682012551676 0.0520980063606114 -0.0549029295837157 0.0493750950807179 -0.151676337675164 0.0418704785077322 -0.0512904914398661 0.0497048901796099 -0.148712076191902 0.0461310933121692 -0.0480018832225769 0.049837771876969 -0.145683916101436 0.0496801496562823
68 -0.059999999999976 -0.0624129813642763 0.0497738607639572 -0.159969748461632 0.0351437857330797 -0.0577762587799146 0.0517198010238028 -0.159145206074146 0.0435926885143167 -0.0589867222901105 0.0516709448543839 -0.160259913251858 0.0422864686716371 -0.0541168840925796 0.05022293272954 -0.152553832242478 0.0443200640573188 -0.0554733632803215 0.0504023240581764 -0.154261918434347 0.0433151918737041
69 -0.0478999999999869 -0.0788851985500132 0.0509784117251322 -0.178802885531272 0.0210324884312458 -0.073978086469308 0.0518821644763514 -0.17566526028294 0.0277090873443242 -0.0771319779788548 0.0510836044349104 -0.17725400287177 0.02299004691406 -0.0757345915155028 0.051972256006499 -0.177600213288241 0.0261310302572352 -0.0773461183927536 0.0519376172363753 -0.179143848176049 0.024451611390542
70 -0.0663999999999723 -0.122616908404146 0.0467308686337881 -0.21420941092637 -0.0310244058819208 -0.122733779027833 0.0487748497762868 -0.218330727940707 -0.0271368301149598 -0.124691527058993 0.0486469122363643 -0.220037723001347 -0.0293453311166379 -0.125471666248719 0.0472068543452103 -0.217997100765331 -0.0329462317321068 -0.121366533676333 0.0471220418976414 -0.213725735795711 -0.0290073315569564
71 -0.078199999999991 -0.141504407409604 0.047603414546946 -0.234807099921618 -0.0482017148975896 -0.160609515410705 0.0489923303881356 -0.256632718490138 -0.0645863123312723 -0.151744582623227 0.0489880541767154 -0.247759404482286 -0.0557297607641675 -0.151477102653111 0.0475970617712684 -0.244767343724797 -0.0581868615814249 -0.159922233976894 0.047200327127695 -0.252434875147176 -0.0674095928066118
72 -0.0690999999999811 -0.119185110174298 0.0505412016976785 -0.218245865501748 -0.0201243548468477 -0.121586256309967 0.0530005346008582 -0.225465395289018 -0.0177071173309154 -0.120794566900072 0.052668049350146 -0.224022046762336 -0.0175670870378077 -0.119470500930298 0.052940906087335 -0.223234676861475 -0.0157063249991215 -0.120357730760388 0.0532020225666092 -0.224633694990942 -0.0160817665298336
73 -0.0648999999999953 -0.0727716383299628 0.0480604620514084 -0.166970143950723 0.0214268672907977 -0.0673714015190944 0.0498302225106544 -0.165036842981594 0.0302940399434053 -0.076187822075827 0.0488517413262727 -0.171935475657388 0.0195598315057344 -0.0671997684838837 0.0479071047902184 -0.161097693872712 0.0266981569049444 -0.0673129271837372 0.0479494607802844 -0.161293870313095 0.0266680159456203
74 -0.0643999999999585 -0.000761609596545143 0.0504028808625561 -0.099551256087155 0.0980280368940648 0.00249462563605501 0.0527162469562892 -0.100827319798391 0.105816571070501 0.00724461379989527 0.0525416458612142 -0.0957351197765425 0.110224347376333 0.0078107291334818 0.0520052775944765 -0.0941196149516921 0.109741073218656 0.00354931138142284 0.0524791913613335 -0.0993099036867908 0.106408526449636
75 -0.0727999999999496 -0.0356544977950416 0.0524416067704876 -0.138440047065197 0.0671310514751141 -0.035071503203422 0.0542163414033941 -0.141333579727602 0.0711905733207582 -0.0367793967352601 0.0537899740410251 -0.142205808585014 0.0686470151144935 -0.0383740919574285 0.0537754458529357 -0.143773965829182 0.0670257819143254 -0.0372250276551707 0.0538371640084949 -0.142745869111821 0.0682958138014793
76 -0.0681999999999546 -0.0772294137946138 0.0495889839122459 -0.174423822262616 0.0199649946733881 -0.075393558930318 0.050060771430579 -0.173510867972545 0.0227237501119086 -0.0766148102994746 0.0498748592314108 -0.174367738127045 0.0211381175280956 -0.0663755931130605 0.0508781419959497 -0.166096751425122 0.0333455651990009 -0.0718366008634845 0.0502789784903534 -0.170383398704577 0.0267101969776082
77 -0.0631000000000013 -0.0516829420677727 0.0515041258298379 -0.152631028694255 0.0492651445587097 -0.0566199044378843 0.0506413424587255 -0.155875111785745 0.0426353029099767 -0.0508759812632126 0.0504444459372191 -0.14974527852024 0.0479933159938147 -0.0620773847199426 0.0505752760902657 -0.161204925856863 0.0370501564169782 -0.0590645449786056 0.0505101835605741 -0.158064504757331 0.0399354148001197
78 -0.064099999999984 -0.0336817544277651 0.0524907400808407 -0.136563604986213 0.0692000961306826 -0.0333470584244444 0.0520570167370916 -0.135376936371743 0.068682819522854 -0.0333494252122481 0.0518747503422166 -0.135022067589999 0.0683232171655032 -0.0347035962588523 0.0520363894348499 -0.136694919551158 0.0672877270334536 -0.0345931797289924 0.0523334198902428 -0.137166682713868 0.0679803232558835
79 -0.0699999999999833 -0.100077658567794 0.0482624384071556 -0.194672037845819 -0.00548327928976866 -0.095334438997478 0.0503781660509929 -0.194073830064602 0.00340495206964639 -0.0960445571532664 0.0498989147721695 -0.193844632974352 0.00175551866781951 -0.0936063878165348 0.0485030627317647 -0.188672390770794 0.00145961513772404 -0.0949148388779629 0.0490875789385187 -0.191126493597459 0.00129681584153374
80 -0.0693999999999896 -0.0467518404186125 0.0480536871681037 -0.140937067268096 0.0474333864308708 -0.0447246507271951 0.0500248336029334 -0.142771522921554 0.0533222214671634 -0.0436242182350507 0.0499901604615574 -0.141603132321081 0.05435469585098 -0.0456551979330732 0.0491339096725349 -0.141957660891242 0.0506472650250953 -0.0460071858037531 0.0493370976089812 -0.142707897117356 0.05069352550985
81 -0.0697999999999832 -0.0308775811870748 0.0568985944261853 -0.142398826262398 0.0806436638882483 -0.0170856709564687 0.054755663673094 -0.124404799705321 0.0902334577923837 -0.0226226611427343 0.0553578792019032 -0.131122110638983 0.0858767883535149 -0.0172115530604179 0.0576916954424627 -0.130287276127645 0.095864170006809 -0.017621264387496 0.05818572523658 -0.131665285851193 0.0964227570762009
82 -0.0744999999999862 -0.0682361000367857 0.0516990401458443 -0.16956621872264 0.033094018649069 -0.0733278160071309 0.0491013766863658 -0.169564745903742 0.0229091138894806 -0.0694702124250844 0.0487409516469204 -0.165000722225257 0.0260602973750877 -0.0737101549163643 0.0516886257814658 -0.175019861448037 0.0275995516153086 -0.0779618130331379 0.0515015263485553 -0.178904804676306 0.0229811786100306
83 -0.0562999999999965 -0.0513455280398005 0.0529725181152812 -0.155171663545752 0.0524806074661508 -0.0430529413402728 0.0550865204897413 -0.151020537533793 0.0649146548532478 -0.0405405636307222 0.0551069020705459 -0.148548106988568 0.0674669797271234 -0.037347509859376 0.0556179168545325 -0.14635862689426 0.0716636071755077 -0.0382360652414125 0.0555834004923781 -0.147179530206474 0.0707073997236485
84 -0.0727999999999719 -0.100952580407951 0.05031745822424 -0.199574798527461 -0.00233036228844043 -0.108864901643382 0.0494941499925934 -0.205871653074288 -0.0118581502124754 -0.103762381474478 0.0496375440601818 -0.201050180113455 -0.00647458283550204 -0.112815329137448 0.0507806482783122 -0.21234539976294 -0.0132852585119564 -0.11406854112925 0.0504046362559463 -0.212861628190904 -0.0152754540675951
85 -0.0631000000000101 -0.175753582442701 0.0476175685460659 -0.26908401679299 -0.082423148092412 -0.180325787797891 0.0500589331899469 -0.278439493954683 -0.0822120816410982 -0.184561363624322 0.0528795601364663 -0.288203397010116 -0.0809193302385282 -0.178221501745103 0.0487505110511783 -0.273772503405412 -0.0826705000847934 -0.178000945029203 0.048825994803041 -0.273699894843163 -0.0823019952152424
86 -0.0490000000000131 -0.0444187280029983 0.0475024590851103 -0.137523547809814 0.0486860918038179 -0.0407997628666803 0.0475404235479373 -0.133977280830417 0.0523777550970567 -0.041374012458398 0.0474554839098162 -0.134385051790558 0.0516370268737617 -0.0395889715161526 0.0484776764435937 -0.134605217345596 0.0554272743132911 -0.0398424058388833 0.0483284999082288 -0.134566265659012 0.0548814539812451
87 -0.0664999999999684 -0.140713863716479 0.047662010828313 -0.234131404939972 -0.0472963224929853 -0.144072236135672 0.0492537435406176 -0.240607799579055 -0.0475366726922891 -0.140019294619938 0.0492187012894057 -0.236486176513009 -0.043552412726868 -0.140952016870702 0.0489079759308769 -0.23681164969522 -0.0450923840461828 -0.142626213258032 0.048803773721225 -0.238281609751633 -0.0469708167644314
88 -0.0659999999999722 0.0338567596411061 0.0499129451161502 -0.0639726127865482 0.13168613206876 0.0331212335902121 0.0513772807612235 -0.0675763863253885 0.133818853505813 0.0326513262042512 0.0512873245911332 -0.0678699828577853 0.133172635266288 0.034017992943457 0.0496929246077089 -0.0633801392876525 0.131416125174566 0.0339594224068595 0.0497909622300381 -0.0636308635640152 0.131549708377734
89 -0.0582999999999512 -0.011611589049748 0.0520169204581072 -0.113564753147638 0.0903415750481422 -0.0127461162733662 0.0506595744617109 -0.112037057690445 0.0865448251437122 -0.0116923253083177 0.050288278915494 -0.110255540827191 0.0868708902105555 -0.00185527795784696 0.0534040164990732 -0.10652715029603 0.102816594380337 -0.00778648563978068 0.053244261701174 -0.112145238574082 0.0965722672945204
90 -0.0646000000000249 0.00441221803199005 0.0553783998658499 -0.104129445705076 0.112953881769056 0.00192649171404019 0.0542485406145426 -0.104398694104322 0.108251677532402 0.00690321750086736 0.0530618180161392 -0.0970960347649841 0.110902469766719 0.00281291238196107 0.0553098442237347 -0.105594382296559 0.111220207060481 0.00153497361804844 0.0552635584819079 -0.106781601006491 0.109851548242588
91 -0.0615999999999788 -0.0370964059260592 0.0552002598067961 -0.145288915147379 0.0710961032952611 -0.0375731295338272 0.0533002991017309 -0.142039796138432 0.0668935370707779 -0.0352347466044529 0.0529080042015124 -0.138932529333311 0.0684630361244051 -0.0359323011413806 0.056316505631915 -0.146312652179934 0.0744480498971727 -0.0375680558828372 0.0561303826456469 -0.147583605868305 0.0724474941026308
92 -0.0626999999999746 -0.022092797860766 0.0530473832982646 -0.126065669125365 0.0818800734038326 -0.0203715934073843 0.053153439409343 -0.124550420304128 0.0838072334893599 -0.0283810285673454 0.0552558173174661 -0.136680440445904 0.0799183833112127 -0.0245121044813157 0.0541711785536009 -0.130687614446374 0.0816634054837421 -0.0159854593464313 0.0532898255603918 -0.120433517444799 0.0884625987519367
93 -0.0623999999999758 -0.0476266653582186 0.0480015976663425 -0.14170979678425 0.0464564660678126 -0.0532156536706581 0.0489112957901194 -0.149080031856478 0.0426487245151615 -0.0504530349563245 0.0489652721686452 -0.146423204900071 0.0455171349874216 -0.0499873083022082 0.0487434001809493 -0.145524372656869 0.0455497560524524 -0.0483900628789393 0.0488518784468535 -0.144139744634772 0.0473596188768935
94 -0.0674999999999994 -0.0837243395731998 0.0511171501459195 -0.183913953859202 0.0164652747128024 -0.0890189648991954 0.0515266355503719 -0.190009314822445 0.0119713850240547 -0.0888938346826919 0.0514080461155163 -0.189651753584678 0.0118640842192942 -0.0891036824262583 0.0517165811694157 -0.190468181518313 0.0122608166657966 -0.0901029745159265 0.0514514138448541 -0.190947745651841 0.0107417966199876
95 -0.0698999999999964 -0.0862082294211918 0.0500105664226271 -0.184228939609541 0.0118124807671574 -0.0918399330322608 0.0501802758471844 -0.190191466427027 0.00651160036250563 -0.0843828382631921 0.0503272397223705 -0.183022415560352 0.0142567390339677 -0.0949435987460216 0.049417115936731 -0.191801145982014 0.00191394848997116 -0.0971565469209787 0.0492711320160218 -0.193727965672382 -0.000585128169575969
96 -0.061899999999977 -0.0724378821146651 0.0473919767395525 -0.165326156524188 0.0204503922948577 -0.076948644250023 0.0478186674272828 -0.170671510196196 0.0167742216961498 -0.0754049547948838 0.0474619536660505 -0.168428674616252 0.017618765026484 -0.0812942810286787 0.0471583545707646 -0.173724655987377 0.0111360939300199 -0.0789601071661354 0.047685194876915 -0.172423089124889 0.0145028747926181
97 -0.0687999999999616 -0.0694649009694436 0.054244798385233 -0.1757847058045 0.036854903865613 -0.0861624852082472 0.0523958988557863 -0.188856559903192 0.0165315894866973 -0.0848954043379836 0.0575594120756439 -0.197709778977545 0.0279189703015783 -0.0898560700422764 0.0522950478409736 -0.192354363810585 0.0126422237260319 -0.0876915619479086 0.0528729407510936 -0.191322525820052 0.0159394019242349
98 -0.0581999999999636 -0.0915100373227297 0.0491198384401313 -0.187784920665387 0.00476484601992762 -0.0933365523003194 0.048881647505035 -0.18914282091517 0.00246971631453134 -0.0898058131808324 0.0485890890213709 -0.18503867770433 0.00542705134266505 -0.0965690164562872 0.049981470979347 -0.194532699575807 0.00139466666323285 -0.0963528807999004 0.0499899094300434 -0.194333103282785 0.00162734168298466
99 -0.056599999999965 -0.116637002113997 0.0491372360088714 -0.212945984691385 -0.0203280195366092 -0.119741424081489 0.0493820473790462 -0.21652845842727 -0.0229543897357077 -0.115766431070233 0.0488282057923105 -0.211467955852871 -0.0200649062875941 -0.115709227351113 0.0496841145761156 -0.213090091920299 -0.0183283627819262 -0.115323557979425 0.0497015232475342 -0.212738543544592 -0.0179085724142574
100 -0.0722999999999899 -0.0460958969597949 0.0481723166130963 -0.140513637521464 0.0483218436018739 -0.0366246252325122 0.0512171976778787 -0.137008488070223 0.0637592376051985 -0.0378423246501247 0.0502073910995036 -0.136247002962869 0.0605623536626192 -0.0380281566582782 0.0486123858728848 -0.133308432969132 0.0572521196525759 -0.0381986638894404 0.0486977755469487 -0.13364630396146 0.057248976182579
