1 -3.01634318039219 -2.87179588718846 0.0891939662409236 -3.04237721727825 -2.70403588203804 -2.86146295709342 0.0931473352879462 -3.04402837951367 -2.67889753467317 -2.86065137393555 0.0917785001233155 -3.04053392873235 -2.68076881913874 -2.86158352651746 0.0933312001541501 -3.04473165584967 -2.67843539718526 -2.86182479649166 0.0933330468562295 -3.04497654969275 -2.67867304329058
2 -3.01016076574638 -2.92863977022935 0.0911592727964365 -3.10625106395969 -2.75338191193509 -2.9427843073882 0.0961613695065443 -3.13125712832507 -2.75431148645132 -2.91686514568834 0.0917940396454757 -3.09677815738891 -2.73695213398776 -2.94107879749734 0.0951450099837609 -3.12778624972167 -2.75437134527301 -2.94945334655286 0.0963991906281293 -3.13862193544404 -2.76028475766169
3 -3.01820944291447 -2.88841632541501 0.085863061221827 -3.0583557360363 -2.72249131974859 -2.88817298556912 0.0918423374602811 -3.06818065924724 -2.708165311891 -2.8817298337319 0.0913411073123346 -3.06075511437208 -2.70270455309171 -2.88250044713066 0.0920385255054347 -3.06311190123148 -2.70188899302985 -2.88474330098945 0.0917039403531239 -3.06469818317598 -2.70478841880293
4 -3.01362975002533 -3.06786999293589 0.0927411516376164 -3.25794614237105 -2.88819187851082 -3.0896136632655 0.0914212449786089 -3.26879601084539 -2.91043131568562 -3.07112504608782 0.0895684906701218 -3.24667606195087 -2.89557403022477 -3.08925265230396 0.0925138143009644 -3.27079678758373 -2.90770851702418 -3.09149710702966 0.0926076302394242 -3.27322534166316 -2.90976887239616
5 -3.01032626735978 -3.26765232664504 0.088939826487287 -3.42956607862312 -3.08103615510762 -3.24381940176629 0.085592074944558 -3.41157678601968 -3.0760620175129 -3.25377409868859 0.0859985368170921 -3.42232813357324 -3.08522006380395 -3.23321563569296 0.0869564437164294 -3.40385428572362 -3.0625769856623 -3.23305564184609 0.0868609463582871 -3.40350689299544 -3.06260439069674
6 -3.01486507752425 -2.96120547321509 0.0950055885810773 -3.15208957172596 -2.77330236008545 -2.96781179919175 0.0926483160842111 -3.14939916194509 -2.78622443643842 -2.9582097908763 0.0922210732783567 -3.1389597731175 -2.77745980863509 -2.96164345470338 0.0939005498657335 -3.14590884529914 -2.77737806410763 -2.96295664246835 0.0936402701413063 -3.14671127412655 -2.77920201081016
7 -3.00998752093091 -2.82240121366037 0.0916885312132447 -3.0025204767193 -2.64236468761761 -2.81967706483735 0.0906026406907368 -2.99725497749542 -2.64209915217929 -2.82632446642524 0.0909165893882223 -3.00451770722337 -2.64813122562711 -2.82315778351427 0.091369585585198 -3.00245654588044 -2.64385902114811 -2.82262519908542 0.0914324108808942 -3.00204724643413 -2.64320315173671
8 -3.01508951636559 -3.10410760383539 0.0946315529591841 -3.29309221178361 -2.91244555447225 -3.08070874377086 0.0988106073463151 -3.27437397546017 -2.88704351208156 -3.09545360010658 0.0973409393700337 -3.28623833549314 -2.90466886472002 -3.08249584932308 0.0989832618726906 -3.27673528069481 -2.88825641795135 -3.07744683610872 0.0990375374881796 -3.27179277503022 -2.88310089718723
9 -3.01564448096731 -2.96826590069888 0.0872476594100959 -3.14931592935224 -2.79681239242752 -2.96346651105408 0.0874021834254604 -3.13477164273815 -2.79216137937002 -2.96199309814373 0.0869789063567491 -3.13246862201764 -2.79151757426982 -2.97092264631531 0.0882251694905601 -3.14405097559347 -2.79779431703716 -2.96604099326686 0.0880995684283961 -3.13892284977342 -2.79315913676029
10 -3.01302672452035 -3.04583017339219 0.0931060842558076 -3.22279287087772 -2.85672870935988 -3.04457835793565 0.0947496778768556 -3.23028431412106 -2.85887240175025 -3.03404791905085 0.0938428456336382 -3.21797651669953 -2.85011932140216 -3.04585393971417 0.0966768200707778 -3.23556733369716 -2.85614054573118 -3.04373900503271 0.0966233362890602 -3.23334744531795 -2.85413056474747
11 -3.0131293621411 -3.07755022299219 0.0968177545766257 -3.2828804854794 -2.88493653650341 -3.09676921842635 0.0976629534551481 -3.28818508982225 -2.90535334703045 -3.08667693785541 0.0960523364701626 -3.27493605796785 -2.89841781774297 -3.0992899976645 0.0980664424251024 -3.29173031184409 -2.90684968348492 -3.10018387931549 0.0981906629836188 -3.29286795724053 -2.90749980139046
12 -3.01772496890694 -2.9270678936632 0.0945014806993462 -3.11604947815993 -2.73473096744929 -2.92818034319133 0.0942243204824336 -3.11285661780466 -2.743504068578 -2.92368417914836 0.0928281577584902 -3.1056240251062 -2.74174433319052 -2.92151662427163 0.0939064478111206 -3.10579358867831 -2.73723965986494 -2.92604240985384 0.0942270380422743 -3.11094848329396 -2.74113633641373
13 -3.01528027655935 -3.10268670520765 0.0912678000156824 -3.28378505758997 -2.92369160383394 -3.1049795448972 0.0891446698084942 -3.27969988713557 -2.93025920265884 -3.10070364732567 0.0895490007350949 -3.27621646361801 -2.92519083103334 -3.10031100101419 0.0901693209719553 -3.27725442863425 -2.92336757339414 -3.10246316722876 0.0897872698839756 -3.27865687833433 -2.9262694561232
14 -3.0157971354828 -2.88725351848465 0.0981878061837097 -3.0798824037163 -2.71557153598391 -2.89003970338763 0.0987147803471735 -3.08351711760987 -2.69656228916538 -2.87473789827221 0.0982101712143381 -3.06722629676783 -2.6822494997766 -2.88806794788996 0.0997038547006667 -3.08372143188542 -2.69241446389449 -2.88817295796707 0.0997105156079338 -3.08383951296884 -2.6925064029653
15 -3.01411256686608 -3.06520051037042 0.0891614533867954 -3.23699300442324 -2.89808251970706 -3.06656638593266 0.0852123562359851 -3.23357953519299 -2.89955323667234 -3.06777649458838 0.0858422736589546 -3.23602425931096 -2.89952872986579 -3.06824579980825 0.0866854471427647 -3.23835266073259 -2.89813893888392 -3.06713129780724 0.0865886264838314 -3.23704816307594 -2.89721443253854
16 -3.01456506471426 -3.04692114011742 0.0941839972293435 -3.2274253222431 -2.85885952819832 -3.02409850337585 0.102725770951109 -3.22543731472413 -2.82275969202756 -3.0293810736093 0.0998931625319044 -3.22516807447364 -2.83359407274496 -3.03038033016619 0.0993010118320047 -3.2252432969746 -2.83551736335778 -3.02879849520792 0.100466419249495 -3.22594839487555 -2.83164859554029
17 -3.01649642408731 -2.92874488661312 0.105210810712368 -3.13887537925203 -2.73098348949847 -2.95351789927915 0.10418286086591 -3.15771255438268 -2.74932324417561 -2.94316563663264 0.103667978769362 -3.14635114137065 -2.73998013189462 -2.94907516407545 0.104879025286254 -3.15488412459066 -2.74326620356024 -2.95982013102128 0.105384286892648 -3.16662058974804 -2.75301967229452
18 -3.01251428093978 -3.11007921666484 0.095741709012363 -3.28875571571486 -2.9089754942627 -3.1164150220435 0.096464262760791 -3.30548150284986 -2.92734854123714 -3.10699043238177 0.0954761622057532 -3.29412027168715 -2.91986059307639 -3.12299202371822 0.0968544924827669 -3.31305407249013 -2.9329299749463 -3.12067424229581 0.0969841440224113 -3.31099071227854 -2.93035777231307
19 -3.01226596587765 -2.89751707938325 0.101067127076887 -3.09346563153759 -2.70124081539916 -2.90979860627163 0.102016920612875 -3.10974809648654 -2.70984911605671 -2.8944339350015 0.101387348714593 -3.09314948697011 -2.6957183830329 -2.90568773200059 0.103740367903489 -3.10926225248653 -2.70211321151464 -2.90763221521572 0.103491157256161 -3.11071769812589 -2.70454673230555
20 -3.0156501077665 -2.93153528282652 0.0907276052587901 -3.11093173702845 -2.7549750539009 -2.92819426252305 0.0900169649578127 -3.10462427183797 -2.75176425320814 -2.93720138296379 0.0899624581512321 -3.1135245609009 -2.76087820502669 -2.93162705952277 0.0895231441872737 -3.10730246456156 -2.75595165448398 -2.93085079605993 0.0896840040655476 -3.10684186387539 -2.75485972824447
21 -3.0143536722023 -3.04737422628194 0.0963951514588618 -3.23260778766607 -2.85824476128448 -3.03397200518852 0.0931792909833298 -3.21660005962083 -2.85134395075622 -3.03337945592221 0.0931751974703882 -3.21599948721657 -2.85075942462784 -3.02650688879728 0.093837231995141 -3.210648027808 -2.84236574978657 -3.02801626616327 0.0938060340554249 -3.21209618401441 -2.84393634831213
22 -3.01063296277048 -2.95228362262131 0.0925174582314187 -3.13213744524873 -2.76860415701123 -2.93316890180147 0.0930503543660104 -3.11554424510754 -2.7507935584954 -2.93384285103601 0.092074253176179 -3.11430507116474 -2.75338063090728 -2.93084066841745 0.0928485246753915 -3.11304162134066 -2.74863971549424 -2.9327480439282 0.0927188330944301 -3.11469449706566 -2.75080159079074
23 -3.01707740351216 -3.06513599413917 0.0993159695016603 -3.25647868784857 -2.86841598548868 -3.07725945816444 0.0995822030161572 -3.27243698957726 -2.88208192675161 -3.06132992705925 0.0995631815347948 -3.25647017705367 -2.86618967706483 -3.0709045146239 0.100801230663137 -3.26871143020889 -2.8730975990389 -3.071476670021 0.101198464491541 -3.27006309591401 -2.872890244128
24 -3.01047299657106 -2.95603283529567 0.0884393123431003 -3.1381572691116 -2.78682880221195 -2.95421980590619 0.0866487820116097 -3.1240482979532 -2.78439131385917 -2.94894920072589 0.0864390922002666 -3.11836670829475 -2.77953169315703 -2.94965331124017 0.0883514500125936 -3.12302944662543 -2.77627717585491 -2.95011011286318 0.0882208328017763 -3.12322993205642 -2.77699029366994
25 -3.01457892736392 -3.03585027163168 0.0904287720853394 -3.2105114336238 -2.85692452421141 -3.06323318305347 0.0878964403443007 -3.23550704049757 -2.89095932560937 -3.05941572936641 0.0878974994582338 -3.23169166263568 -2.88713979609715 -3.05674339982089 0.0901988988323023 -3.23374486944387 -2.87974193019791 -3.05614146470415 0.0906267948756146 -3.23398261451716 -2.87830031489113
26 -3.01420556397638 -2.86965096576349 0.0845862779897495 -3.04418257747401 -2.71254897597219 -2.866943384357 0.0855802377166982 -3.0346775680701 -2.69920920064389 -2.86892636506638 0.0849671396063208 -3.03545889856415 -2.7023938315686 -2.86863932461285 0.0866699007969194 -3.03871567822393 -2.69856297100177 -2.86837128749745 0.0865155226284636 -3.03814469769073 -2.69859787730417
27 -3.01135218844198 -3.20990246984513 0.0953843314835826 -3.39955958981869 -3.02470006908562 -3.20881657070155 0.0977131101062775 -3.40033074732725 -3.01730239407585 -3.1985378175326 0.0964818721053165 -3.38763881202002 -3.00943682304518 -3.21268360012285 0.0970862375395197 -3.40320041293461 -3.02216678731109 -3.21470271711922 0.0975343994439439 -3.40609897875729 -3.02330645548115
28 -3.01571901776121 -3.06349055799467 0.0931661021092907 -3.24401026725932 -2.88451116940726 -3.06124893042263 0.0998007256910439 -3.25685475840804 -2.86564310243722 -3.05144470557392 0.095682132142609 -3.23897823853744 -2.86391117261041 -3.0665885874394 0.0982682652886875 -3.2594249479557 -2.8737522269231 -3.06394335868116 0.099682407209438 -3.25955475527294 -2.86833196208938
29 -3.01555862220866 -2.84680411991723 0.104548185210043 -3.05103800735255 -2.64198699939902 -2.84796141328125 0.105557718097191 -3.05485073904197 -2.64107208752052 -2.8469972190985 0.104705010886759 -3.05221526943742 -2.64177916875958 -2.8498424113281 0.105725787170332 -3.0573130118394 -2.64237181081681 -2.85046559580771 0.105731990536789 -3.05794836947183 -2.6429828221436
30 -3.01235463788155 -2.73092254900359 0.0946665860040247 -2.91585928656881 -2.5365254073443 -2.72052465083436 0.0952337672655072 -2.90717940478682 -2.53386989688189 -2.71862704220389 0.0940743422503762 -2.90300936488392 -2.53424471952386 -2.7158211086528 0.0969101944835037 -2.9059924640362 -2.5256497532694 -2.71490047668581 0.0968382070217536 -2.9049305677446 -2.52487038562702
31 -3.01835894304335 -3.090911531312 0.0835921875484684 -3.26090041258399 -2.9321553750515 -3.10996928260162 0.0854552483832126 -3.27745849172264 -2.9424800734806 -3.11219515887145 0.0848877471513748 -3.27857208601689 -2.94581823172601 -3.11730663755183 0.0879432699951208 -3.28988178241615 -2.9447314926875 -3.10697367754994 0.0879521152765803 -3.27956617991904 -2.93438117518084
32 -3.01535173540156 -3.07496256767469 0.0908461896098392 -3.24878471125847 -2.90011081479207 -3.07434752024708 0.0929438640996609 -3.2565141464664 -2.89218089402776 -3.07753678174161 0.091866361060698 -3.25759154081133 -2.89748202267189 -3.07459195200993 0.0917826885238043 -3.25470136537279 -2.89448253864707 -3.07462556223328 0.09193015339582 -3.2550243527327 -2.89422677173387
33 -3.01418085089861 -3.01983109344677 0.0967592785137853 -3.20255432387323 -2.83732897363697 -3.01827438546693 0.10134365886842 -3.21690430691054 -2.81964446402331 -3.02865028192612 0.102951013499976 -3.23043056055797 -2.82687000329427 -3.00892574926823 0.103475286020026 -3.2119800873179 -2.80587141121855 -3.0170138509707 0.103113785939534 -3.21935880069808 -2.81466890124333
34 -3.0153067091976 -2.99194318421488 0.0962423331669944 -3.1749513150139 -2.80063274179623 -2.98846085380968 0.0950047400422863 -3.17466672265315 -2.80225498496621 -2.99048428278765 0.0951855278658477 -3.17704448925415 -2.80392407632115 -2.98352397604123 0.0984119679690939 -3.17664233097153 -2.79040562111092 -2.98836950422436 0.0977259357362522 -3.18014162638472 -2.79659738206401
35 -3.01092145076725 -3.05933553170233 0.0942122023511304 -3.23537482820045 -2.86491019705684 -3.05577549910415 0.095360046827259 -3.24267775644963 -2.86887324175867 -3.0507445893585 0.0950918951072369 -3.23712127899035 -2.86436789972666 -3.0439825051005 0.0966969956043345 -3.23373549046583 -2.85422951973518 -3.05583789117135 0.0965524530887696 -3.2453072340753 -2.8663685482674
36 -3.01705251861455 -3.0961842902289 0.100120195597543 -3.3026111048419 -2.90588807839735 -3.11402213236361 0.100035873878335 -3.31008884232714 -2.91795542240009 -3.09225394211725 0.0997675140753493 -3.28779467653203 -2.89671320770248 -3.10777325706981 0.102682885096672 -3.30927263015007 -2.90627388398955 -3.11062898313518 0.10225922680172 -3.31129699195496 -2.90996097431541
37 -3.01499110405812 -2.95732118109781 0.0910540494268794 -3.13437029889247 -2.77586978903803 -2.91966641776736 0.0982690987659005 -3.11227031214173 -2.72706252339298 -2.92790135084071 0.0936176411309778 -3.11138855577502 -2.7444141459064 -2.92683051968712 0.0930538902048293 -3.10943447088405 -2.74422656849019 -2.92128103676427 0.0961110827174535 -3.10988425818135 -2.73267781534719
38 -3.01392983221387 -3.11097173836968 0.088857028654135 -3.2796371084225 -2.94121520039529 -3.13960065268963 0.0929073818853708 -3.32169577508287 -2.9575055302964 -3.12205959485187 0.0908637118610715 -3.3001491976012 -2.94396999210255 -3.12793941198266 0.0927961453623422 -3.31003757855806 -2.94584124540726 -3.13428031066878 0.0929839469779004 -3.3167470090376 -2.95181361229996
39 -3.0144273312423 -2.93479897199673 0.0946874420451667 -3.13050755885452 -2.75832635065922 -2.94083472051706 0.096627700596251 -3.13022153359463 -2.75144790743949 -2.92779246336643 0.0965495660790843 -3.1170261356044 -2.73855879112845 -2.93645648145304 0.0981175655480899 -3.1289971169006 -2.74391584600549 -2.93719225156724 0.0987066414851968 -3.13088885796275 -2.74349564517173
40 -3.01457121459135 -3.10543780589489 0.094242956960489 -3.2933824911674 -2.91533687635026 -3.11242471617506 0.0979697261658099 -3.3044418510353 -2.92040758131482 -3.10553607156617 0.0977420897713068 -3.29710704729162 -2.91396509584073 -3.11233748400223 0.0982463101390912 -3.30513076091335 -2.9195442070911 -3.11215841642663 0.0982815101052164 -3.30502076785878 -2.91929606499447
41 -3.01116977170102 -3.05610428641813 0.0937276810444429 -3.23771842798537 -2.86558746020717 -3.05811862942962 0.0953191009728555 -3.24494063437515 -2.87129662448408 -3.04801090826951 0.0935849607135345 -3.23143406076264 -2.86458775577639 -3.0492358528136 0.0954687028202752 -3.23657850245731 -2.86189320316989 -3.05940542438217 0.0952157644745833 -3.24625172141525 -2.8725591273491
42 -3.01444761907459 -2.89498727501251 0.0919929972892389 -3.07111812242127 -2.70837178039351 -2.90947403844718 0.0880830078438923 -3.08211356147117 -2.73683451542319 -2.8940237112904 0.0884704461527337 -3.06742259944595 -2.72062482313485 -2.90510161322306 0.0881778619910556 -3.07813710880762 -2.73206611763849 -2.90598388068069 0.0882119595429682 -3.07908628746791 -2.73288147389347
43 -3.01247511138738 -2.99399088085668 0.103391949712933 -3.19152358454355 -2.78426513218924 -2.97349472924318 0.109368506066467 -3.18785306217641 -2.75913639630996 -2.96906800129581 0.107807834871821 -3.18036747489582 -2.7577685276958 -2.97783313374266 0.106572476905586 -3.18696523266906 -2.76870103481625 -2.98315602640104 0.107102010239663 -3.19332725307245 -2.77298479972962
44 -3.01485545167897 -2.99415635240164 0.102847218582453 -3.203736237604 -2.80718269485969 -2.98534467788262 0.101438514022043 -3.18416051201109 -2.78652884375416 -2.98412613155472 0.0999721053003381 -3.18006785740203 -2.78818440570741 -2.99742668453018 0.100878784815093 -3.19538578821336 -2.79946758084701 -2.99666631931343 0.100790645828885 -3.19445246378877 -2.7988801748381
45 -3.01128932719939 -3.17260743883462 0.0914022812275166 -3.36797580732866 -3.00072940347238 -3.16159617306147 0.0921766176961907 -3.34225902396272 -2.98093332216022 -3.16171181366789 0.0916301354497599 -3.34130357904794 -2.98212004828783 -3.1544757259699 0.0929879000957512 -3.33695018172466 -2.97200127021514 -3.15293768247964 0.0930476887477372 -3.33552946427059 -2.9703459006887
46 -3.01120993681924 -2.91175765919077 0.0947786869658164 -3.09091747170932 -2.72455504837417 -2.91207018325498 0.0900991822266446 -3.08866133545572 -2.73547903105425 -2.89802772743257 0.0905579925544467 -3.07551813135153 -2.72053732351361 -2.91220889429326 0.0905637994225074 -3.08992642521597 -2.73449136337054 -2.91319933296852 0.0905873034997997 -3.09096298702884 -2.73543567890819
47 -3.0182994046395 -3.23439211290257 0.0940070633496812 -3.41720921608082 -3.05102645049511 -3.22732658440188 0.0913346921887439 -3.40633929163087 -3.04831387717289 -3.220010797299 0.0910395718724685 -3.39844507933699 -3.04157651526102 -3.2190249513697 0.091996770919721 -3.3995544685164 -3.03849543422301 -3.21991319631979 0.0927814198563425 -3.40198246635392 -3.03784392628566
48 -3.01596483414503 -3.04216279728778 0.0925595978532661 -3.21540178287005 -2.8630728974717 -3.00794036928411 0.0979373971483395 -3.19989414043445 -2.81598659813377 -3.00629126784299 0.0962796470844446 -3.19499590857273 -2.81758662711325 -3.01657562994757 0.0974752693480571 -3.20785585786453 -2.8252954020306 -3.01221838976775 0.0975717777250305 -3.20368800053502 -2.82074877900048
49 -3.01299946467522 -3.04938397124945 0.0933331926568871 -3.23441047251224 -2.87032469705035 -3.07779589061748 0.0999053908743694 -3.27360685859264 -2.88198492264232 -3.04364038506579 0.0988031459171042 -3.23729099262257 -2.84998977750901 -3.08187109255617 0.101545551773295 -3.28113862387012 -2.88260356124222 -3.07607963330442 0.100942905213928 -3.2741645634109 -2.87799470319793
50 -3.01577691227358 -3.11906296909915 0.0917599088313743 -3.29187087192437 -2.9311479921558 -3.12207159554135 0.0919139748745473 -3.30221967597138 -2.94192351511132 -3.11800597440798 0.0925606880815806 -3.29942158943212 -2.93659035938383 -3.11765684095786 0.0933836368268042 -3.30090786919729 -2.93440581271844 -3.11694694058336 0.0932615913385537 -3.29995847331828 -2.93393540784844
51 -3.01860803528678 -3.0063353110012 0.0914051543430546 -3.18547330209886 -2.8299297175003 -3.00121493514118 0.0923183110820817 -3.18215549997563 -2.82027437030674 -2.99975170709815 0.0918093504201873 -3.17969472736573 -2.81980868683056 -3.00048942015717 0.0923333130651848 -3.18167934951631 -2.81929949079804 -3.00058609649988 0.0923336337170587 -3.18177665508901 -2.81939553791075
52 -3.01352187114571 -3.03208540481009 0.0841643138453631 -3.18649463324557 -2.8602822397597 -3.03851761940885 0.0858160523120254 -3.20671399123583 -2.87032124758188 -3.04210470929796 0.0860258133054841 -3.21071220511748 -2.87349721347845 -3.03052536321766 0.0862291986156233 -3.19973690656204 -2.86131381987328 -3.03614963382166 0.0862540681315826 -3.20540997976708 -2.86688928787625
53 -3.01067850416215 -2.92056086230898 0.0935062275158285 -3.08898630239207 -2.72615971084162 -2.9403438434983 0.089564841038292 -3.11588770621441 -2.7647999807822 -2.91899608662562 0.0880959828666152 -3.09166104022685 -2.7463311330244 -2.93665008897186 0.0896454813617892 -3.1125655619046 -2.76073461603913 -2.94069655685042 0.089633140888364 -3.11658781350157 -2.76480530019926
54 -3.01554960442686 -3.15980827295656 0.0948237883871339 -3.3430962149241 -2.9699480155769 -3.15098438762661 0.0979870500797221 -3.34303547673419 -2.95893329851903 -3.15665690489262 0.096007568791255 -3.34482828196673 -2.96848552781851 -3.14950391171781 0.0979876777796051 -3.34178966239176 -2.95721816104385 -3.15102051316846 0.0984993943448399 -3.34431042891815 -2.95773059741877
55 -3.01306815764207 -2.9143513922021 0.0885706952803287 -3.08791876914998 -2.73668355181033 -2.92385963909546 0.0870791027321904 -3.09453154425661 -2.7531877339343 -2.90603418308688 0.0879109261170258 -3.07833643212381 -2.73373193404995 -2.9133051583176 0.0887082319067351 -3.08738142330994 -2.73922889332527 -2.91935979073854 0.0884758102380867 -3.09297996394422 -2.74573961753287
56 -3.01439409861332 -3.02489488894866 0.097021033639372 -3.21370038284245 -2.8370143543184 -3.02087364239133 0.0955079403334879 -3.20806576568257 -2.83368151910009 -3.02225038826267 0.0953591045863846 -3.20915079884997 -2.83534997767537 -3.01356243641254 0.09655463316624 -3.20303605738331 -2.82408881544177 -3.01629693457752 0.0969078054770411 -3.20646360190308 -2.82613026725196
57 -3.01263057830447 -3.02130995012481 0.0912407290901217 -3.20025381456081 -2.85549197456534 -3.03047382761008 0.095319627737144 -3.21729686499465 -2.84365079022551 -3.0160867788841 0.092968877780649 -3.19830243101728 -2.83387112675092 -3.0340709617061 0.0934054617982204 -3.21736481809604 -2.85077710531617 -3.03307173060034 0.094409617986284 -3.21833608910637 -2.84780737209431
58 -3.01755523132776 -2.92097406743487 0.0935211215786175 -3.09610987646967 -2.73241810489557 -2.92842788689451 0.0911710530860955 -3.10711986737585 -2.74973590641318 -2.92443855084712 0.0909500275788387 -3.10269732929457 -2.74617977239967 -2.92134521237886 0.0934017626112692 -3.1046318096832 -2.73805861507452 -2.92236238966223 0.0933966294398771 -3.10563891390701 -2.73908586541744
59 -3.01520078607902 -3.03900850146501 0.0948718954969244 -3.21703386675695 -2.84408699074133 -3.06617775834792 0.0956930594946342 -3.25373270852785 -2.87862280816799 -3.05499394357408 0.0955623441150893 -3.24229269631787 -2.86769519083028 -3.0635334587914 0.0964726190034211 -3.25284613957846 -2.87422077800435 -3.06355280104006 0.0965140343066815 -3.25294675299159 -2.87415884908854
60 -3.01352052086697 -3.03494705166352 0.091177243025926 -3.21982776175778 -2.87002346986614 -3.03594346428625 0.0937237263080042 -3.21963859234683 -2.85224833622567 -3.02418369531447 0.0929299262512797 -3.20632300385294 -2.842044386776 -3.03404013414544 0.0952342568251347 -3.22092271957302 -2.84715754871786 -3.03056569363724 0.0946974130660482 -3.2163948057348 -2.84473658153967
61 -3.01177356453218 -3.07525314032154 0.0920300225210504 -3.25900409757528 -2.89387640159296 -3.08528583683188 0.0953174218296366 -3.27210455071718 -2.89846712294658 -3.08072816175232 0.0955561147560709 -3.2680147051768 -2.89344161832785 -3.08363846552677 0.0964669488131899 -3.27294001943736 -2.89433691161617 -3.08339664279644 0.0961928008605577 -3.27216022350406 -2.89463306208883
62 -3.01264875916474 -3.04863567195843 0.0973840074017839 -3.23589401104324 -2.86073059948913 -3.06620026440782 0.0983571516493902 -3.25897673926257 -2.87342378955307 -3.05517170188516 0.0977376959718007 -3.24673406592181 -2.8636093378485 -3.06845910707177 0.100204119117472 -3.2650942830626 -2.87182393108094 -3.06048998213785 0.0992225294349083 -3.25519893930972 -2.86578102496598
63 -3.0113633386362 -3.01815927617477 0.0919316834996422 -3.19522409923355 -2.83354423109845 -3.00705434179422 0.0957234674780499 -3.19466889052649 -2.81943979306196 -2.9971496282184 0.0945912255803048 -3.1825450236093 -2.8117542328275 -2.99689368955469 0.0956699446585965 -3.18463124536237 -2.80915613374701 -3.00014132505346 0.0959636791871374 -3.18845528970763 -2.81182736039928
64 -3.01575522273426 -3.05219878083044 0.0926110254673362 -3.2403225722938 -2.8782929274437 -3.02548399687228 0.0949437799067283 -3.21157038604556 -2.83939760769899 -3.02994283632029 0.0950738315519144 -3.21628412203427 -2.84360155060631 -3.03934902552016 0.0946455768817636 -3.22507641707661 -2.85362163396372 -3.02099077325096 0.0952076778954907 -3.20782120161599 -2.83416034488593
65 -3.01648251535752 -2.99796135399396 0.102281301281905 -3.20526033761745 -2.80527091635187 -3.0165332285214 0.101072062430108 -3.21463083072759 -2.8184356263152 -3.00805090974039 0.103312901208247 -3.2105404752469 -2.80556134423388 -3.00002299085994 0.104077813215035 -3.20425969588289 -2.795786285837 -3.01870910314157 0.103117944438409 -3.22106221328356 -2.81635599299958
66 -3.01681383324558 -3.06664404663647 0.0993238206598654 -3.27233548836441 -2.87455028094821 -3.04300138710997 0.0979668696434577 -3.23501292328928 -2.85098985093066 -3.03715424636649 0.0985393711096725 -3.23028786480067 -2.8440206279323 -3.04233583770785 0.100227463018103 -3.23901682251422 -2.84565485290149 -3.04196039084953 0.100143344921028 -3.23847630682472 -2.84544447487435
67 -3.01916721741538 -2.90596509989865 0.092232106382285 -3.08004740225125 -2.71953966516197 -2.91788187633555 0.0925278169616824 -3.09923306514856 -2.73653068752253 -2.90179095720861 0.0922419563853624 -3.08258186958743 -2.72100004482978 -2.9182409259185 0.0941489132890222 -3.10299369154313 -2.73348816029388 -2.91559625672884 0.0941535898360475 -3.10035819935792 -2.73083431409976
68 -3.01163826391257 -3.01695930966092 0.0948097320887662 -3.18722083614129 -2.82555076891658 -3.02831834356637 0.0972188685667102 -3.21886382457485 -2.83777286255788 -3.00812269311804 0.0966815185369167 -3.19761498742104 -2.81863039881504 -3.03533633873508 0.0994029137017595 -3.23039927229406 -2.84027340517611 -3.02741536647138 0.0988914321779923 -3.22147459618736 -2.8333561367554
69 -3.01413933674057 -2.87071519650594 0.0894717064505097 -3.05345914693218 -2.69933384654415 -2.86564858226185 0.0917732864258854 -3.04552091839946 -2.68577624612423 -2.88051985260539 0.0904675220313645 -3.05783293755745 -2.70320676765333 -2.8693535457081 0.0914935270192819 -3.04889552408094 -2.68981156733527 -2.86870087320902 0.0916419933363257 -3.0485341939003 -2.68886755251775
70 -3.01998164330105 -2.9411228174529 0.0863284566313443 -3.11684307907435 -2.77423721663328 -2.94822165825674 0.0917749931498578 -3.12809733951187 -2.76834597700161 -2.94822017770832 0.0901797991077696 -3.1249693360926 -2.77147101932403 -2.94942151506566 0.0933752690679653 -3.13265612286502 -2.7661869072663 -2.94498830392442 0.0932300756484247 -3.12793799196344 -2.7620386158854
71 -3.00991741219112 -3.00338915937997 0.101706498502517 -3.21379075922879 -2.8039886191592 -3.00721612995107 0.101652844297783 -3.20645204370078 -2.80798021620135 -2.99780602920873 0.100097808086342 -3.19399412798936 -2.8016179304281 -3.00986090711498 0.10194286391624 -3.20990810241719 -2.80981371181277 -3.01256222406978 0.101925799534266 -3.21257593314626 -2.81254851499331
72 -3.01431884347862 -2.99218735379736 0.0971592501404268 -3.18588411258275 -2.80820101031287 -2.98138348890497 0.098045154489485 -3.17354846056303 -2.78921851724692 -2.97957637767518 0.0961680851326376 -3.16806236099733 -2.79109039435302 -2.97793969684718 0.0978461372622104 -3.16994769601957 -2.78593169767479 -2.97708083878444 0.0986412476044372 -3.17064911974418 -2.78351255782471
73 -3.01072519308786 -2.98613732064853 0.0957102129556633 -3.18102353900199 -2.8057021883728 -2.97744930720278 0.0986482813673673 -3.17079638581959 -2.78410222858596 -2.97089459537841 0.0976688317121762 -3.16232198794638 -2.77946720281044 -2.9769224990053 0.1013244840357 -3.17575621887646 -2.77808877913413 -2.96694360169358 0.10135478674203 -3.16583678596645 -2.76805041742071
74 -3.01723174070801 -2.92275284601464 0.0882541711538076 -3.09347370638178 -2.74586047424653 -2.90912048713044 0.0873403787088835 -3.08030448379594 -2.73793649046494 -2.90583639222258 0.0867259301664633 -3.07581609187458 -2.73585669257057 -2.9111618293079 0.0873188739847171 -3.08251169301137 -2.73981196560442 -2.91213615326407 0.0874290171412734 -3.08370215597625 -2.7405701505519
75 -3.01458736860987 -3.15410144103742 0.0990290235814659 -3.34941826423098 -2.96816564783269 -3.16759223114938 0.0991816336139088 -3.36198466096049 -2.97319980133828 -3.16884250359222 0.100366030050648 -3.36555630776276 -2.97212869942169 -3.17114662120709 0.101690011384245 -3.37069763229485 -2.97159561011932 -3.1690686203983 0.101854614635632 -3.36894264005688 -2.96919460073973
76 -3.01004720991986 -2.92623700194451 0.0923534230950152 -3.09710781818411 -2.73952700053019 -2.92928236662022 0.0928880024931348 -3.11133950610263 -2.74722522713781 -2.92918733084114 0.0924780072140959 -3.11044089434281 -2.74793376733948 -2.92711212364049 0.092786702504451 -3.10919176005926 -2.74503248722173 -2.93070613101749 0.0930465690619184 -3.11329571559718 -2.7481165464378
77 -3.01588821748996 -3.05597960479682 0.0906979762725208 -3.21837412411488 -2.87023576308563 -3.04451170576865 0.0894942481143019 -3.21991720889617 -2.86910620264112 -3.03822014440027 0.0884929760469678 -3.21166319033709 -2.86477709846344 -3.04484483741559 0.0900331845884794 -3.22152111831594 -2.86816855651524 -3.04327168717464 0.0900605425876612 -3.22000165394171 -2.86654172040757
78 -3.01503727942371 -3.0543068648159 0.0915500205377706 -3.23039758846698 -2.87554174447521 -3.06438745073583 0.0891340901021214 -3.23908705713073 -2.88968784434092 -3.05660974122607 0.0896306783369826 -3.23228264267645 -2.88093683977569 -3.06498275430263 0.0909476850742129 -3.24345360178906 -2.8865119068162 -3.06548182119569 0.090935129664811 -3.24392803062174 -2.88703561176965
79 -3.01414162757267 -3.06713016304024 0.0872990551499946 -3.22930999101121 -2.90372035944836 -3.05875147418146 0.087771046113795 -3.2307795634499 -2.88672338491302 -3.06595821765324 0.0872271079371631 -3.23692020768567 -2.89499622762081 -3.06780709941154 0.0880329492577856 -3.24055822603941 -2.89505597278367 -3.06453038249623 0.0881700847271604 -3.23755061639627 -2.8915101485962
80 -3.01741810670274 -2.90375984038339 0.0926036066620579 -3.08225659228741 -2.72264105039583 -2.93043093679104 0.092239138648692 -3.11121632650748 -2.74964554707461 -2.93181063582086 0.0921087261962469 -3.11234042182737 -2.75128084981436 -2.93673576619086 0.0946075423366676 -3.1223885208009 -2.75108301158083 -2.93550699621442 0.0946648318980541 -3.12127217277961 -2.74974181964924
81 -3.0140517096359 -3.05911657372598 0.0894926205010994 -3.24177113921689 -2.89486777392152 -3.0539034644645 0.0888114109556513 -3.22797063135377 -2.87983629757524 -3.05090044495485 0.0882958997667482 -3.22395722848024 -2.87784366142947 -3.05168676743974 0.0883991962153424 -3.22515659740625 -2.87821693747323 -3.05263472002879 0.0885025986200719 -3.22630746131502 -2.87896197874256
82 -3.01257890748655 -3.06946652342845 0.0858274054907928 -3.24979461247544 -2.907516362511 -3.06486389623917 0.0869448976370498 -3.23527276424731 -2.89445502823103 -3.06699692121245 0.0871889685884804 -3.23788415949506 -2.89610968292983 -3.07141273547611 0.0874303905047389 -3.24298143320291 -2.8998440377493 -3.06958044094948 0.0869046757430254 -3.24011750429238 -2.89904337760658
83 -3.01376558380281 -3.0902519688218 0.0867198459765009 -3.25769710540951 -2.9209174302765 -3.11043404963971 0.0868909021277715 -3.28073708839433 -2.94013101088508 -3.10888764796973 0.0871144996411684 -3.27962892979765 -2.93814636614181 -3.101938434943 0.0890236830430617 -3.27663372428537 -2.92724314560063 -3.10354950365667 0.0891795222841966 -3.27855060354732 -2.92854840376602
84 -3.01337264614984 -3.10047841616252 0.0870993020047401 -3.27250795317808 -2.92872534036975 -3.09138213178384 0.0891326263182366 -3.26607886921505 -2.91668539435263 -3.09429647467476 0.089454232457161 -3.26962354855547 -2.91896940079405 -3.0945748266428 0.0905386361033806 -3.27224297842094 -2.91690667486466 -3.09219403184189 0.0903512377636473 -3.2694944431934 -2.91489362049037
85 -3.01694106983352 -3.04960400789477 0.0917347168628778 -3.24778129314099 -2.88294550554132 -3.04708304464675 0.0908097232388885 -3.22506683164102 -2.86909925765248 -3.04283897292762 0.0904894233450162 -3.22019498366565 -2.86548296218959 -3.04530472406679 0.0928581673695577 -3.22752459929461 -2.86308484883898 -3.04365933778465 0.0922038906712283 -3.22459529559614 -2.86272337997317
86 -3.01337375767657 -3.01068035224482 0.0977510557750579 -3.19848328327683 -2.81460308329893 -2.99764344642378 0.096291635986881 -3.18637158497051 -2.80891530787705 -3.0035972369589 0.095926986405676 -3.19161067545949 -2.81558379845831 -3.00298520374265 0.0991363159983647 -3.19752498030181 -2.80844542718348 -2.9968355197716 0.0989901857170555 -3.19108853812326 -2.80258250141994
87 -3.01057052823348 -3.09917199828147 0.0891758538578649 -3.27511227719011 -2.92700740749163 -3.09405965592853 0.0892518033492905 -3.26898997604839 -2.91912933580866 -3.08228949476268 0.0878331135770503 -3.25443923402371 -2.91013975550164 -3.08552718540456 0.0903580609175138 -3.26284098614638 -2.90821338466273 -3.08814062885855 0.0904517616842087 -3.26563830294722 -2.91064295476989
88 -3.01346786107141 -3.08189876478179 0.0942748523866966 -3.25773967536861 -2.89628298728507 -3.06938513616592 0.0926619481572906 -3.25099921729153 -2.88777105504032 -3.07718753738473 0.0927263220291108 -3.25892778898065 -2.89544728578881 -3.06204169186998 0.0940954696722732 -3.24668958261443 -2.87739380112553 -3.06207139961587 0.0941731460338235 -3.24687171827605 -2.8772710809557
89 -3.01361832203954 -2.91401693779978 0.0939374983900522 -3.10341470156779 -2.7354623966357 -2.94240000956084 0.0949149440701782 -3.12842988153302 -2.75637013758866 -2.92921337150687 0.0921169415996752 -3.10975925940822 -2.74866748360553 -2.94486260885428 0.0952232825165168 -3.13172365888864 -2.75800155881991 -2.94302276662285 0.0961587607384945 -3.13171954882506 -2.75432598442064
90 -3.01490487264659 -2.8373691812924 0.0913196002535656 -3.03733293689637 -2.65815710324838 -2.85240051047731 0.0934668306213983 -3.03559213224436 -2.66920888871027 -2.84912928367936 0.0937680094345481 -3.03291120507308 -2.66534736228563 -2.85604454148533 0.0950466097658602 -3.04255889841243 -2.66953018455823 -2.85445870518553 0.0947616457487939 -3.04041386404632 -2.66850354632474
91 -3.01356972680574 -2.96462072456008 0.0898484254277403 -3.13373813185849 -2.79096682671524 -2.95361603070558 0.0880939911936544 -3.12627708069953 -2.78095498071163 -2.9474938245216 0.088625092568984 -3.12119581408333 -2.77379183495986 -2.95129163274084 0.0891599626291315 -3.12625434981599 -2.77632891566569 -2.95295018373936 0.0889504270619256 -3.12750171948288 -2.77839864799584
92 -3.01914694589211 -2.96202841607012 0.0931157818702781 -3.15237469051826 -2.78337988410516 -2.96849219250349 0.0913278931074856 -3.14749157377809 -2.7894928112289 -2.96185206711563 0.0900925404941307 -3.13843020175984 -2.78527393247142 -2.96181335754911 0.0935205633496437 -3.14533308303525 -2.77829363206297 -2.96198505100454 0.0929845052835887 -3.14445284496243 -2.77951725704665
93 -3.01840999341868 -3.05035393283202 0.0855934557121098 -3.220842951239 -2.88358949767282 -3.05308927483747 0.0857441064048604 -3.22114463527756 -2.88503391439737 -3.04534323681764 0.086791383012614 -3.21545122169078 -2.87523525194449 -3.05438024235428 0.0863649446575556 -3.2238581664331 -2.88490231827545 -3.05393094791623 0.0864858722431767 -3.22364617378754 -2.88421572204492
94 -3.01496448548328 -3.21724519986611 0.0945982432423991 -3.40504244851675 -3.03870049430302 -3.22853321570863 0.0962355598392014 -3.41715144702552 -3.03991498439175 -3.22987963071968 0.095350653742399 -3.41676347795713 -3.04299578348223 -3.23174810689475 0.0966748430437962 -3.42145762126628 -3.04203859252322 -3.23081654101077 0.0965939825737237 -3.42036737914321 -3.04126570287834
95 -3.01083134368778 -3.03672468309579 0.0923397152035745 -3.2304015883781 -2.8587012029444 -3.02169539956248 0.0944873979289194 -3.20688729649607 -2.83650350262889 -3.02897207044903 0.0942574357662842 -3.21371324982604 -2.84423089107201 -3.02828605183663 0.0956030508684466 -3.215892338867 -2.84067976480627 -3.01912943913721 0.0958908332671247 -3.20730045487443 -2.83095842339999
96 -3.01293584093974 -3.05949843157482 0.0890195521109258 -3.23476326647015 -2.8774666121558 -3.07603895300782 0.0916550254294269 -3.2556795018516 -2.89639840416404 -3.06446666150093 0.0902688806147959 -3.24139041643068 -2.88754290657118 -3.07676718290278 0.0927648249128524 -3.25880388791201 -2.89473047789355 -3.07870430278163 0.0927428209889376 -3.26069782847359 -2.89671077708967
97 -3.01143184670488 -3.01581606761119 0.0853681430318927 -3.18185030353075 -2.8537598808175 -3.01313189775936 0.0900145674574342 -3.18955720805989 -2.83670658745884 -3.00892926673357 0.0889215930321049 -3.18321238652442 -2.83464614694272 -3.00630330685492 0.0911323135366382 -3.18513645930966 -2.82747015440017 -3.00646626686629 0.0910869153101362 -3.18521033228213 -2.82772220145044
98 -3.01417192573927 -2.78863785833486 0.0932393301373539 -2.98017647018664 -2.61449828071743 -2.79768842923726 0.094874134146827 -2.98363831522946 -2.61173854324505 -2.78814445755566 0.0949180762982369 -2.97418046858203 -2.60210844652929 -2.80741630173188 0.095607001382513 -2.99503034103865 -2.61980226242511 -2.80174319747752 0.0955361645707387 -2.98921823043333 -2.61426816452171
99 -3.01406467734891 -2.9960031666745 0.0940989750756611 -3.18333214597521 -2.81692762013852 -2.99452961739823 0.0936316247888119 -3.17804422979827 -2.8110150049982 -2.9991163605354 0.0939590648131021 -3.18327274359014 -2.81495997748065 -3.00094999980531 0.0942590137778266 -3.18591882070974 -2.81598117890089 -2.99830113648835 0.0942329400712759 -3.18321879175286 -2.81338348122384
100 -3.01419831219828 -3.09603996601659 0.0935478024868241 -3.27436526193983 -2.91492180151033 -3.1209679174393 0.0974708463139699 -3.31200726575732 -2.92992856912128 -3.11357003382638 0.0946875393413449 -3.29915420072013 -2.92798586693262 -3.12042241858832 0.0980332538913233 -3.31279760537356 -2.92804723180308 -3.12430639938621 0.0991504447644923 -3.3188739014764 -2.92973889729601
101 -3.01382073258497 -3.05059985402469 0.0813453593302852 -3.21471017237239 -2.8907110022016 -3.04069119217036 0.0870521124740893 -3.21131019739771 -2.87007218694302 -3.0376350478321 0.0858743047560004 -3.20594559235128 -2.86932450331292 -3.03918215380522 0.0881111987622908 -3.21208683305373 -2.86627747455671 -3.03897853439021 0.0875837845168663 -3.21084824427935 -2.86710882450107
102 -3.01668911146968 -3.05149869239458 0.100618465479395 -3.24607819731435 -2.85322966205114 -3.05143957211597 0.103539039475053 -3.25437236048094 -2.84850678375099 -3.04641474231924 0.102059721221866 -3.24644812018629 -2.84638136445218 -3.04795071612228 0.102970762495019 -3.25001500433164 -2.84588642791292 -3.05055223080396 0.103695750797553 -3.25403919708 -2.84706526452791
103 -3.01295024566163 -3.04302837474726 0.086115516712422 -3.19593477264089 -2.8693170604905 -3.03891521271466 0.0887022419696942 -3.21276841232322 -2.86506201310611 -3.0303314870209 0.0881454391824395 -3.20309337321995 -2.85756960082186 -3.03438533809429 0.0897693638533866 -3.21054391136813 -2.85822676482046 -3.03712550521986 0.0896974864873598 -3.21314303021502 -2.86110798022471
104 -3.01810605132952 -3.01346364138517 0.0897478821582832 -3.19177436316716 -2.84286605731887 -3.01229274821551 0.0902147663171659 -3.18911044107085 -2.83547505536017 -3.00747739066862 0.0899619460350398 -3.18379956487644 -2.83115521646081 -3.01297047754096 0.0906325855950864 -3.19082299075053 -2.83511796433138 -3.01090696164071 0.0909388901151639 -3.18936055037235 -2.83245337290907
105 -3.01471282008253 -2.94578532844165 0.0866026127920845 -3.1205572245319 -2.76873526824712 -2.95670671935433 0.0938812883608984 -3.14071066336391 -2.77270277534475 -2.94544888767977 0.0930191915674379 -3.12776315302298 -2.76313462233656 -2.95786552403093 0.0938740250429081 -3.14207886374045 -2.77365218432141 -2.96226872052057 0.0934268858868976 -3.14560461839028 -2.77893282265086
106 -3.01191404348162 -3.14100031927448 0.0890470086653826 -3.31227165902395 -2.95309387186947 -3.14093546542322 0.0920754278682858 -3.32139998790618 -2.96047094294027 -3.13249969431546 0.0911019124591738 -3.31105616165816 -2.95394322697276 -3.14145816535205 0.0922727693925192 -3.32252928706301 -2.96038704364109 -3.1412368245008 0.0928510606920202 -3.3234427539667 -2.9590308950349
107 -3.01292529166309 -3.14332083035759 0.0970485179014023 -3.33391029651948 -2.95253218825587 -3.14787649350529 0.095592347660928 -3.33523405211834 -2.96051893489224 -3.14379853980899 0.0948067748542725 -3.32961640401376 -2.95798067560422 -3.14824303095167 0.0965381851352988 -3.33768437519083 -2.95880168671251 -3.14194958691241 0.0963804375203329 -3.33108137571309 -2.95281779811173
108 -3.01453331982289 -3.18458637103548 0.0939763492932949 -3.36060662621139 -2.99707040340653 -3.18309711285733 0.0928340858673555 -3.36504857769505 -3.00114564801962 -3.17365679493334 0.0945303052299716 -3.35893278863166 -2.98838080123502 -3.17985875138864 0.0939560013146037 -3.36423295692637 -2.99548454585091 -3.18089444897281 0.0938183913031516 -3.36499861602251 -2.9967902819231
109 -3.01364244445675 -2.92719985243268 0.0956298814310779 -3.10268171585227 -2.73787253196907 -2.935909811193 0.0993087358569192 -3.13055135682276 -2.74126826556323 -2.92915279841206 0.0961756917747412 -3.11765369047878 -2.74065190634534 -2.92749907547186 0.0993164237962738 -3.12239228589034 -2.73260586505337 -2.92989362625322 0.101257877912854 -3.12859664184991 -2.73119061065653
110 -3.01175794752088 -3.15532618486605 0.0937275627136316 -3.34066478914127 -2.97422265635492 -3.14976247402468 0.0914451869068025 -3.32899174692154 -2.97053320112781 -3.1479907158454 0.0916884039880011 -3.32769668546184 -2.96828474622896 -3.15722920553409 0.0919966868811393 -3.33775855776799 -2.97669985330018 -3.15401036814344 0.0923271595775279 -3.33518822222923 -2.97283251405765
111 -3.01582635291888 -3.03742434876105 0.0984408963852288 -3.21796824719809 -2.85625910247335 -3.03991675715636 0.096718539497285 -3.22948161120835 -2.85035190310437 -3.02950876387655 0.0962256948556646 -3.21810766018099 -2.8409098675721 -3.03377960692689 0.0976215584995513 -3.22534690480967 -2.84221230904411 -3.03757354137685 0.0978424546601482 -3.22957431400894 -2.84557276874475
112 -3.0177259695258 -2.99681233597943 0.0866124248780989 -3.17272327877626 -2.83531416152431 -3.00269281155119 0.0893046815381202 -3.17772677101672 -2.82765885208565 -2.9805222328347 0.0881342433332455 -3.15326217557255 -2.80778229009685 -3.00404273230727 0.0902958662873934 -3.18123448565078 -2.82685097896377 -3.00350382354943 0.0902793558453122 -3.18066317768906 -2.8263444694098
113 -3.01432220942881 -3.03745902919972 0.0938604460922765 -3.22131192827108 -2.8558729925364 -3.05072148055247 0.0939005742921395 -3.2347632242927 -2.86667973681225 -3.04461828643139 0.0936330599179598 -3.22813571163287 -2.8611008612299 -3.04443046395253 0.0949561665995939 -3.23076734007273 -2.85809358783234 -3.04668949143649 0.0943201986118458 -3.23177837816965 -2.86160060470332
114 -3.01594933580093 -3.09760033816141 0.0928976514199402 -3.28219919861901 -2.92889561659863 -3.12329392630401 0.0942392301433029 -3.30799942331566 -2.93858842929235 -3.11022345640803 0.091570686349138 -3.28969870369196 -2.93074820912411 -3.13120679210144 0.0947481462767509 -3.31713546032408 -2.94527812387881 -3.13099625292195 0.094659578972714 -3.31675112142887 -2.94524138441503
115 -3.01740931652684 -2.89073869885523 0.095090166422643 -3.08076657424342 -2.7090209287406 -2.89928034290811 0.0966196044228277 -3.08865128777736 -2.70990939803886 -2.90380998898285 0.0971879718377427 -3.09429491351532 -2.71332506445038 -2.89712151823222 0.0989775102371257 -3.09134966290355 -2.70289337356089 -2.90138409626323 0.0986896124750239 -3.09504728584472 -2.70772090668174
116 -3.01415009378593 -3.0061849178756 0.0908510339129207 -3.16937144653402 -2.82254537842477 -3.01080744733648 0.0926248002367389 -3.19234871987571 -2.82926617479726 -2.9955194661455 0.0900801828958909 -3.17207338034223 -2.81896555194878 -3.00893496305389 0.0927969404728751 -3.19103468991146 -2.82683523619633 -3.00760476037979 0.0928948755739094 -3.18989666981425 -2.82531285094533
117 -3.01456639619652 -3.06612083596936 0.0967520148399345 -3.25491989816023 -2.86656444608488 -3.07140158036447 0.0970622048350571 -3.26164000610123 -2.88116315462771 -3.0588965397272 0.0977772334171334 -3.25053639573275 -2.86725668372165 -3.0664015140912 0.10011903780906 -3.2628697310967 -2.86993329708569 -3.06423730477997 0.0999234119487135 -3.26032163611474 -2.86815297344519
118 -3.01234103657915 -3.14819989970713 0.089590163542877 -3.32421062912276 -2.95638742003249 -3.16990864476415 0.0951445499672033 -3.35638853602514 -2.98342875350316 -3.16295253927313 0.0953104040186495 -3.34975749850164 -2.97614758004462 -3.16540660741156 0.0962920473076048 -3.35436494401099 -2.97644827081214 -3.16635482182989 0.0964349063545694 -3.35559349734242 -2.97711614631736
119 -3.01243245091521 -3.06201027375094 0.0943030514767035 -3.24353066028857 -2.87197012238667 -3.08082467922107 0.0916289598641301 -3.26041414049564 -2.90123521794651 -3.05883248369091 0.0925292852259439 -3.240186550249 -2.87747841713283 -3.06753184371571 0.0938397331498626 -3.25167789085798 -2.88338579657344 -3.07285457228571 0.0940606432400735 -3.25743412151202 -2.8882750230594
120 -3.01384346859662 -3.06331088842618 0.0928841129398449 -3.24224844941755 -2.87511641251488 -3.07015951283292 0.0917309500405536 -3.24994887118004 -2.89037015448579 -3.05844719659934 0.0914148241372448 -3.2376169595614 -2.87927743363728 -3.07449704028123 0.0922838394534698 -3.25558988528463 -2.89340419527783 -3.0749634067955 0.0923458635043548 -3.2561779644617 -2.8937488491293
121 -3.01642937218675 -2.9893794569479 0.102154858167465 -3.18844241714711 -2.79234675393207 -3.00751384870574 0.0977892319440062 -3.19917722139183 -2.81585047601966 -3.0042264824883 0.098181319132399 -3.19665833194244 -2.81179463303417 -3.00740169762506 0.10021598428621 -3.20406015718511 -2.81074323806502 -3.00342561223312 0.0996454759362382 -3.19896453687994 -2.8078866875863
122 -3.0140637842586 -2.96929429510962 0.0882189149199581 -3.14319471379661 -2.80817560011583 -2.95652825626537 0.0880391154638287 -3.12908175180524 -2.78397476072551 -2.9577383528183 0.0873526743172823 -3.12894644843343 -2.78653025720317 -2.95195809576965 0.0889493827761293 -3.12650758226287 -2.77740860927643 -2.95292356993294 0.0889735718517899 -3.12752052376774 -2.77832661609815
123 -3.0147824793578 -2.84288388936959 0.0995605039867809 -3.02939789408549 -2.64212169985442 -2.86398532041411 0.096768478485257 -3.05364805308395 -2.67432258774426 -2.84228199855489 0.0956662283994667 -3.02978436075463 -2.65477963635515 -2.86606776930951 0.097719447352402 -3.05782715901424 -2.67430837960479 -2.86569682889772 0.0983617093038776 -3.05871655892551 -2.67267709886993
124 -3.01437712454692 -3.07583802457669 0.0949195055551098 -3.26254655114161 -2.89304672415383 -3.07401496792148 0.0966642939254544 -3.26347350260637 -2.8845564332366 -3.06538717267089 0.0938839362381128 -3.24939630642445 -2.88137803891733 -3.0712618155985 0.0973172164819643 -3.26223188906858 -2.88029174212841 -3.07084173545531 0.0969312978203518 -3.26105450289234 -2.88062896801828
125 -3.01011433446444 -3.12661916944796 0.0903539976599359 -3.30887375027878 -2.95084637322012 -3.11240063938322 0.0937554065885071 -3.29615785965261 -2.92864341911384 -3.11153446028939 0.0934905106543497 -3.29477249406817 -2.92829642651061 -3.11199577804465 0.094035387190728 -3.29652576615759 -2.92746578993171 -3.1167144025865 0.0937970748013772 -3.30077673927918 -2.93265206589382
126 -3.01126571262128 -3.04729575650866 0.0924777697772396 -3.22789933972804 -2.86773299010751 -3.05984977211992 0.0986335438124444 -3.25316796565986 -2.86653157857997 -3.04281984784174 0.0955779056942143 -3.23014910072016 -2.85549059496331 -3.0588730142898 0.0983532779680742 -3.25187619911751 -2.86586982946209 -3.06121137940704 0.0979235563205096 -3.25337130157708 -2.86905145723699
127 -3.01317506626868 -2.99099846550321 0.0930674697341283 -3.16464921226062 -2.80698804135893 -2.98492436070093 0.0944496401290233 -3.17004225370658 -2.79980646769527 -2.97596732239954 0.0906828169505027 -3.15370237763916 -2.79823226715991 -2.98929346881659 0.0931706387150088 -3.17212652101304 -2.80646041662014 -2.98759591669436 0.0948942440245826 -3.17381127928255 -2.80138055410616
128 -3.01511550152839 -3.0060654968117 0.0982606205908662 -3.20919190677225 -2.82103300404306 -3.01901901988886 0.098833189562146 -3.21272851190788 -2.82530952786983 -3.01770762510543 0.0978004427397625 -3.20939297054743 -2.82602227966342 -3.03089644225183 0.10024890067811 -3.22761949516962 -2.83417338933403 -3.02440724984162 0.0998711399929634 -3.22038900550077 -2.82842549418246
129 -3.01232368360475 -2.97047703760796 0.0920531135210519 -3.16025567357023 -2.80303988686135 -2.97195694373646 0.0908101121658614 -3.14994149301359 -2.79397239445933 -2.97211654726592 0.0909009922655419 -3.15027921826534 -2.79395387626651 -2.97822889849837 0.0909047757334001 -3.15661554300136 -2.79984225399537 -2.97361935014093 0.0908469586826845 -3.15189253757207 -2.79534616270979
130 -3.01281991621712 -3.1508310535182 0.0908937009309582 -3.33717867877166 -2.98290079265841 -3.16303666219043 0.0931771006530552 -3.34566042365428 -2.98041290072657 -3.15248964586772 0.0913662972112805 -3.33156429780262 -2.97341499393283 -3.14637677877228 0.094338498808395 -3.33150157682727 -2.9612519807173 -3.15740888673861 0.0952937435842727 -3.34440820578408 -2.97040956769314
131 -3.00786223594389 -3.04873018147105 0.103729858186152 -3.24868672148455 -2.8376129340051 -3.06063429533812 0.105059910445475 -3.26654793603025 -2.85472065464598 -3.04107639557111 0.103825700513017 -3.24457102924627 -2.83758176189596 -3.0524501050473 0.106754450839087 -3.26193929983718 -2.84296091025742 -3.05551655881012 0.106608126464041 -3.26471861451338 -2.84631450310686
132 -3.01418291682007 -3.08389514224189 0.0882016164970232 -3.26166690302101 -2.91061559388382 -3.06889991726667 0.086262182717669 -3.23797068862112 -2.89982914591223 -3.07191200653483 0.0848848795111325 -3.23828331320867 -2.90554069986098 -3.06790232488334 0.086538050357814 -3.23771994228151 -2.89808470748516 -3.07137906862026 0.0860390767220172 -3.24021752698232 -2.9025406102582
133 -3.01748378191018 -3.10274091413368 0.0997387656755593 -3.30629941333584 -2.90614042018154 -3.11380170280955 0.0990866876916493 -3.30800804203255 -2.91959536358655 -3.11044621446579 0.098823209600244 -3.30413614611892 -2.91675628281266 -3.11514780470878 0.101115139596673 -3.31357071830797 -2.91672489110959 -3.11335396730985 0.101259570116048 -3.31206030359511 -2.91464763102459
134 -3.01341950421127 -3.12475904346702 0.0932024466502929 -3.30464221405148 -2.94989386155665 -3.12153436100085 0.0953566847460837 -3.30843002878832 -2.93463869321339 -3.11937798180036 0.0951196802134821 -3.30580912923975 -2.93294683436097 -3.13144085581927 0.0954166481612782 -3.31868135619882 -2.94420035543971 -3.12717097227722 0.0948308354105436 -3.31326190521032 -2.94108003934412
135 -3.01976350607885 -3.09953380063269 0.0822979328320689 -3.25892830213224 -2.94014987840073 -3.10017477679786 0.0846365908889191 -3.26605944671439 -2.93429010688133 -3.10026207384814 0.0838078849091147 -3.26452250989049 -2.9360016378058 -3.09765053240652 0.0857849975537712 -3.26599039946911 -2.92931066534394 -3.09922851204388 0.0857805580519221 -3.26755966726672 -2.93089735682104
136 -3.01579344217061 -2.92848423426234 0.0930280583853993 -3.11027206799764 -2.74553355769676 -2.94522053512934 0.0935634119484218 -3.12860145281893 -2.76183961743975 -2.9483854407472 0.0934877710578538 -3.13161810501552 -2.76515277647888 -2.94634732126895 0.0938730594352936 -3.130558766122 -2.7621358764159 -2.95683797052351 0.0940269888824614 -3.14135147824783 -2.77232446279918
137 -3.01180533941885 -3.04468717560874 0.101725658374425 -3.24124590238007 -2.85128102207518 -3.03981503215701 0.102832321783682 -3.24136267929966 -2.83826738501436 -3.05125602333199 0.102117068004823 -3.25140179882827 -2.8511102478357 -3.0630910098016 0.104631337403416 -3.2684139209322 -2.857768098671 -3.04950277817102 0.104003405909284 -3.25359347029759 -2.84541208604445
138 -3.01292088893336 -2.93953447601929 0.0860223743215499 -3.09440150843209 -2.7617581938126 -2.93724014154844 0.0863277921824791 -3.10643950509095 -2.76804077800592 -2.92870924696844 0.0860536618589602 -3.09737132494979 -2.76004716898709 -2.94262212457426 0.0863769313221644 -3.11212357063926 -2.77312067850925 -2.94035599581076 0.0861603161118347 -3.10943236783309 -2.77127962378842
139 -3.01397231520398 -3.04823363941238 0.0952141243318482 -3.23903947809865 -2.8587207391792 -3.04878347553837 0.096357517655577 -3.23764073978299 -2.85992621129376 -3.04383131805691 0.095761236286463 -3.23151989229341 -2.85614274382041 -3.0530809394923 0.0977310608474532 -3.24486311889532 -2.86129876008927 -3.05786711387335 0.0969148264877557 -3.24804755885286 -2.86768666889384
140 -3.01967198550985 -3.08073011066423 0.0942760020127951 -3.2436971310707 -2.88434470622958 -3.07506683569503 0.0959133045348222 -3.2630534582215 -2.88708021316855 -3.06666506812487 0.0945365151350262 -3.25195323301344 -2.88137690323629 -3.07037108549034 0.0954212576504993 -3.25762063128372 -2.88312153969696 -3.07218096702689 0.0954122594663249 -3.25941285526742 -2.88494907878636
141 -3.01376314523545 -3.03260942036757 0.0876001245995905 -3.20868042591796 -2.86007222595841 -3.03233786267043 0.091773872453534 -3.21221134740113 -2.85246437793973 -3.01757753295135 0.0917645828442977 -3.19743281038252 -2.83772225552019 -3.02569947222207 0.0941873242788856 -3.21052761350808 -2.84087133093606 -3.0351314659942 0.0934427027690075 -3.21849840206299 -2.85176452992541
142 -3.01393958202401 -3.06042828353147 0.0926811536254597 -3.25375677446729 -2.88498714376827 -3.04917667235285 0.0988539419096935 -3.24292683822566 -2.85542650648003 -3.0432098784559 0.0969506151409076 -3.23322959241108 -2.85319016450072 -3.0519894959474 0.0975201771585565 -3.24335784853727 -2.86062114335753 -3.05302172636421 0.0976335756767769 -3.24461260610949 -2.86143084661893
143 -3.01362356898598 -3.05290367856745 0.0877247541680731 -3.21855106844285 -2.88109317275027 -3.06168781291431 0.0871317183803608 -3.23246284285091 -2.89091278297772 -3.06117940543774 0.0865240933105426 -3.23076351212139 -2.8915952987541 -3.06886518224152 0.0873560460168215 -3.24028799034229 -2.89744237414076 -3.067918767928 0.087498087654969 -3.23962031090275 -2.89621722495325
144 -3.01330033609694 -3.0704401270554 0.0960760359142656 -3.25620780604346 -2.88257851328364 -3.08305358952438 0.095763491143821 -3.27074658320009 -2.89536059584867 -3.0630086317036 0.0953967861023424 -3.24998289670506 -2.87603436670214 -3.07295203869197 0.096486905580563 -3.2622927546899 -2.88361132269403 -3.07839878125257 0.0967480984151919 -3.26825204802643 -2.88854551447871
145 -3.01607617450343 -2.92684434451437 0.0912845288217009 -3.1087370668663 -2.74448474759601 -2.92983699707341 0.090631833942101 -3.10747212745274 -2.75220186669408 -2.92754976836207 0.0906582481061664 -3.10523666955165 -2.74986286717248 -2.93757117440528 0.0907479604638881 -3.11565009305438 -2.75949225575617 -2.9332017723232 0.0906925033233758 -3.11117186486135 -2.75523167978504
146 -3.01338426136101 -3.02219053417764 0.0894086926749699 -3.19303913344175 -2.85375723133992 -3.02044399816766 0.0910477840006636 -3.19889437568115 -2.84199362065418 -3.01584664455678 0.0903159638138967 -3.19286268086104 -2.83883060825252 -3.01742332879038 0.0923425018954454 -3.19863128981599 -2.83621536776477 -3.01963698644236 0.0924279816638571 -3.20101268836978 -2.83826128451495
147 -3.01296850210261 -3.00155519774658 0.100578953168639 -3.18951203239152 -2.79666425560384 -3.00548295509936 0.0969282212099899 -3.19545877775647 -2.81550713244225 -3.00551702622548 0.0966555173428811 -3.19495835912461 -2.81607569332635 -2.99672313561781 0.0980814460599634 -3.18919289212379 -2.80425337911183 -3.00431880604764 0.0978846719237996 -3.19640242356816 -2.81223518852713
148 -3.01621599352369 -2.887888153784 0.0968048182234616 -3.07079379424876 -2.69855440754133 -2.8667981458216 0.101379493478298 -3.06549830180998 -2.66809798983322 -2.8674430333566 0.0993098885549712 -3.06208683823303 -2.67279922848017 -2.8822122234198 0.101216296646523 -3.08083364217502 -2.68359080466459 -2.87596394259174 0.101549597446686 -3.07523941291764 -2.67668847226583
149 -3.01400372220525 -3.03132008113568 0.0991127273402384 -3.2353517885196 -2.84162735842847 -3.04396713156697 0.0975051928718584 -3.23507379790144 -2.85286046523249 -3.03560662659151 0.0978665609556399 -3.22742156135536 -2.84379169182766 -3.04265310464843 0.099330813176552 -3.23757455201315 -2.84773165728372 -3.04358576491073 0.0989451632623681 -3.23775043361789 -2.84942109620357
150 -3.01264978140789 -3.06193581839357 0.0928871599339527 -3.24619426642274 -2.89036650969155 -3.06019968079022 0.096779551133455 -3.24988411545175 -2.8705152461287 -3.06159035738284 0.095468850063493 -3.24870586515274 -2.87447484961294 -3.0677554674516 0.0964835132480815 -3.25708952651866 -2.87842140838454 -3.07017391319222 0.0964318359245657 -3.25940656345799 -2.88094126292645
151 -3.01724074342948 -2.96441231198458 0.0948397723986289 -3.14927482874865 -2.78548016028689 -2.97683730284873 0.0936575286058404 -3.16040268579721 -2.79327191990026 -2.97669415562579 0.0941487201746248 -3.16122225635859 -2.79216605489298 -2.97687231113064 0.0951107706038905 -3.16351257383675 -2.79023204842452 -2.97912548768557 0.0950863394329073 -3.16571780797526 -2.79253316739588
152 -3.01462599376 -2.88915700330316 0.0872684761460665 -3.0732265012846 -2.72145557260917 -2.89126150606292 0.0910363719078282 -3.06968951628546 -2.71283349584039 -2.89131602682301 0.0900457240811496 -3.0678024029839 -2.71482965066213 -2.89682077989928 0.0908341090894066 -3.07506875197941 -2.71857280781914 -2.89679165360045 0.0905929502750403 -3.07456638858891 -2.71901691861199
153 -3.01549455429943 -3.05872372101037 0.0902253340800023 -3.23615096821054 -2.88605024632976 -3.06543971972702 0.0934743339203298 -3.24864604768973 -2.8822333917643 -3.06949154624977 0.0928946423863653 -3.25156169968377 -2.88742139281576 -3.06566073480229 0.0948487434926079 -3.25178680959283 -2.87953466001176 -3.06491162858946 0.0946080077886657 -3.25056529657747 -2.87925796060145
154 -3.01397907873802 -3.03398437990372 0.0907833453345487 -3.20648362118825 -2.84749168330698 -3.03198625373004 0.0934319077387715 -3.2151094279049 -2.84886307955518 -3.024818467462 0.0919978665839657 -3.2051309726211 -2.84450596230291 -3.02134357977239 0.094939854384044 -3.20764844567779 -2.83503871386698 -3.02361089027892 0.0952382731242189 -3.21050135707589 -2.83672042348195
155 -3.01431920555254 -3.09657246762144 0.0892789849208955 -3.27435259945185 -2.92238283360898 -3.09074374370347 0.0934362622173111 -3.27387545249944 -2.9076120349075 -3.08091562492615 0.0932170133499775 -3.2636176138385 -2.89821363601381 -3.09739744917727 0.0927760453125168 -3.27945617249556 -2.91533872585899 -3.09720452851121 0.0931366530178331 -3.27997088900273 -2.9144381680197
156 -3.01243145889671 -3.04183111467952 0.0967225992898298 -3.23814447047771 -2.8602993609357 -3.06872432513234 0.0974656032495628 -3.25975339723295 -2.87769525303173 -3.06581304379077 0.0985319360286242 -3.25893208973388 -2.87269399784767 -3.06655203596505 0.0992156632971363 -3.2612475193973 -2.8718565525328 -3.06803953023306 0.0988103512160944 -3.26193965102864 -2.87413940943748
157 -3.01504991022205 -3.06512482697443 0.0917970173862737 -3.23550717732145 -2.88888621051126 -3.06415225918066 0.0898565870152514 -3.24026793350424 -2.88803658485708 -3.06666776757221 0.0901346066628779 -3.24332835039214 -2.89000718475229 -3.06332869709319 0.0912743104077133 -3.24244049657343 -2.88421689761295 -3.0633131759296 0.0912798145516239 -3.24243577644592 -2.88419057541327
158 -3.0102050790071 -2.9012522693448 0.0907616841383601 -3.0843489351124 -2.72229329701299 -2.92080921376616 0.0878879361801916 -3.09306640335489 -2.74855202417743 -2.90912894432618 0.0869626230461685 -3.0795725534978 -2.73868533515455 -2.92109641827669 0.0885639023339959 -3.0948894586752 -2.74730337787818 -2.92223848713013 0.0888810464336674 -3.09665387405893 -2.74782310020133
159 -3.01316879942479 -3.01776005242112 0.0865378750792637 -3.1863340114156 -2.85051456368725 -3.01562446450935 0.0869829370642064 -3.18610788842471 -2.84514104059399 -3.00531006721693 0.0868862350617994 -3.17560395869034 -2.83501617574352 -3.00909195653658 0.0879519502209113 -3.18168413500931 -2.83649977806385 -3.01377550832945 0.0877341339572697 -3.18594025587707 -2.84161076078183
160 -3.00994578014003 -2.96146139465855 0.0840798038573888 -3.11869106097449 -2.79380444664984 -2.94611212802826 0.0816807666813856 -3.1062034889534 -2.78602076710313 -2.94887407791462 0.0815831393564479 -3.10877409279897 -2.78897406303027 -2.94947920253569 0.0816474205064163 -3.10969971085287 -2.78925869421851 -2.94753835603704 0.0817545467862155 -3.10796908320617 -2.78710762886791
161 -3.01280350226874 -3.02575880610181 0.101849696579443 -3.23265478658651 -2.82772788298807 -3.03811219797267 0.0994735640256635 -3.2330768008768 -2.84314759506853 -3.01460605797139 0.0988176793165947 -3.20828515046774 -2.82092696547503 -3.02742970584723 0.10057420184387 -3.22479111228325 -2.83006829941121 -3.02925407217901 0.100972825241297 -3.22739771573859 -2.83111042861944
162 -3.01504886963326 -3.00036777853032 0.0884829415613734 -3.17826284576113 -2.83805703435392 -3.01184941811215 0.0899556825505619 -3.18815931611597 -2.83553952010833 -3.01147128382897 0.0898725666223081 -3.18761827760687 -2.83532429005107 -3.01027836402581 0.0910991638416075 -3.18904646530129 -2.83151026275034 -3.00912091495674 0.0908197395134353 -3.18734068895356 -2.83090114095993
163 -3.01543050575319 -2.98091828709461 0.0947997327197683 -3.17033544457798 -2.79786916426294 -2.97084102586351 0.0942637503746161 -3.15559458164543 -2.78608747008159 -2.97072975044933 0.0937274057317053 -3.15443209004784 -2.78702741085081 -2.97471018883601 0.0941551573011189 -3.15947520737427 -2.78994517029775 -2.97391939956258 0.0943962372921041 -3.15915750051375 -2.78868129861141
164 -3.01538314398216 -3.0165342566604 0.0912007642108017 -3.19425208602331 -2.82902518310991 -3.02876576566235 0.0926385823180417 -3.21033405058456 -2.84719748074014 -3.02357945437799 0.0928961185868279 -3.20565250111173 -2.84150640764424 -3.04468995864502 0.0939954439715954 -3.22914156433224 -2.8602383529578 -3.03929294414547 0.0941252238560324 -3.22399922290043 -2.85458666539051
165 -3.01380756821306 -3.07706004608519 0.091492991472283 -3.25861732555844 -2.91312858847721 -3.06996322761888 0.0934278792311622 -3.25307850606391 -2.88684794917384 -3.07310706429406 0.0925048852286585 -3.25441330773624 -2.89180082085187 -3.07311080905503 0.0960299380789672 -3.2615547965962 -2.88466682151387 -3.07434458169513 0.0956220966208119 -3.26198824308596 -2.8867009203043
166 -3.01457973203831 -3.06743708560019 0.089508452847242 -3.24004009613362 -2.89409833736748 -3.07519826862327 0.0913972662377607 -3.2543336187347 -2.89606291851184 -3.06679371736935 0.0894642907574398 -3.24214050515635 -2.89144692958235 -3.07329465084221 0.0927068885889584 -3.25521766472432 -2.89137163696011 -3.07425048275572 0.0927857992691043 -3.256328346714 -2.89217261879744
167 -3.0194909682142 -2.92336172673461 0.0959299144820821 -3.12015259182092 -2.74088243093172 -2.94453790999908 0.100788426919834 -3.1420795968204 -2.74699622317776 -2.92061091429058 0.0983053639810476 -3.11328588718054 -2.72793594140063 -2.94844349035557 0.101660176805277 -3.1479359556696 -2.74895102504155 -2.94779088988916 0.101650854400366 -3.14726506141699 -2.74831671836132
168 -3.01585959599776 -2.94943307617147 0.0946275098664185 -3.14873109896602 -2.76923474273833 -2.95886504697269 0.0961210897218943 -3.14725892098235 -2.77047117296304 -2.95105292302197 0.0961843648200486 -3.13957081394513 -2.76253503209881 -2.95644528920916 0.0975542384727754 -3.14788048189079 -2.76501009652754 -2.95861119338012 0.0976205211002718 -3.15017645552633 -2.76704593123391
169 -3.01540692763408 -3.16695137788876 0.0904710845537514 -3.34898344126963 -2.98430378802704 -3.17714213453443 0.0913681983435148 -3.35622051262003 -2.99806375644883 -3.16346079065147 0.0916657367142905 -3.34312233322781 -2.98379924807513 -3.17271690966073 0.0912199851065812 -3.35172210409076 -2.99371171523069 -3.17548341303564 0.0915105175261259 -3.35505873266563 -2.99590809340565
170 -3.01490440780462 -2.86327081902469 0.0911445610756116 -3.04745887313587 -2.6861845248293 -2.8612989089916 0.0901978341522509 -3.03808341541353 -2.68451440256967 -2.86044229364959 0.0903771636246709 -3.03757827937883 -2.68330630792035 -2.84818972514965 0.0900594449364669 -3.02491753794503 -2.67146191235427 -2.86064567610506 0.0905504333490767 -3.03833697816389 -2.68295437404623
171 -3.01407175202012 -3.03568138988396 0.0951772058202874 -3.22211681210174 -2.84171621487177 -3.05699678906744 0.0997331460312792 -3.25247016335362 -2.86152341478125 -3.02929956131859 0.098666663922053 -3.22268266908053 -2.83591645355665 -3.06169676529445 0.0997456027765079 -3.25743217346941 -2.8659613571195 -3.05946074751083 0.099743988691977 -3.25519298829308 -2.86372850672858
172 -3.0172411435859 -3.07070692581373 0.10200786803244 -3.26955714514793 -2.87446098703726 -3.09275725625242 0.101913645761874 -3.29250433147887 -2.89301018102597 -3.07129636650626 0.104332247385606 -3.27578381380817 -2.86680891920435 -3.08099066586906 0.103509515324549 -3.28411217366563 -2.87786915807249 -3.08162727890296 0.103899048407439 -3.28551318547858 -2.87774137232735
173 -3.01744509785113 -3.01047183286255 0.0900297909022799 -3.17643514177394 -2.83747694017214 -3.01327207581014 0.0885013913773 -3.18673161549133 -2.83981253612895 -3.00247915026992 0.0898745341427209 -3.17863000031697 -2.82632830022287 -3.0205699112015 0.0883203497022628 -3.19388501700984 -2.84725480539317 -3.01457515937904 0.0894535622201977 -3.19011402050664 -2.83903629825144
174 -3.01735706913047 -3.08065988540518 0.098387029568279 -3.27124712571801 -2.89667767359062 -3.09799386058359 0.0986362014537042 -3.29131726300468 -2.90467045816249 -3.0922089108265 0.096718947997438 -3.28177456552408 -2.90264325612892 -3.10242815295769 0.0988344623784713 -3.29637558820201 -2.90848071771338 -3.0945661093274 0.100232210556254 -3.2912564104474 -2.89787580820741
175 -3.01454145631679 -3.00543315187617 0.0870108711568322 -3.16340437521194 -2.82799135565237 -3.00810321323547 0.0895251646252458 -3.18356931161097 -2.83263711485996 -2.99285490772636 0.0910827469818576 -3.17137381142377 -2.81433600402894 -3.0045115371322 0.091127987023773 -3.18333619947071 -2.82568687479369 -3.00525246171136 0.0908720434275597 -3.18357487409718 -2.82693004932553
176 -3.01390281955075 -2.84720743458616 0.0926230985188828 -3.01667685209582 -2.6590892062244 -2.85068938218864 0.0892091016947084 -3.02553600860344 -2.67584275577384 -2.84698959480088 0.0890350551784098 -3.0214950963121 -2.67248409328966 -2.84802413799023 0.0898326154577383 -3.02430683281179 -2.67174144316867 -2.84724884972215 0.0900040312483953 -3.02386792167532 -2.67062977776899
177 -3.01486763015726 -2.91953730655595 0.0947770607667097 -3.10675092146995 -2.73430787858685 -2.91074825845655 0.0931138509713317 -3.09324805282219 -2.72824846409091 -2.91581315052943 0.0923430191838331 -3.09680214235343 -2.73482415870542 -2.91790729932542 0.0929539793361616 -3.10031519080527 -2.73549940784556 -2.91707496472093 0.0921886086420036 -3.09798093389989 -2.73616899554197
178 -3.01464088422123 -3.0779699459799 0.0928177708623637 -3.2444460694392 -2.90161147973866 -3.07644164154585 0.0910957510517937 -3.25498603275199 -2.89789725033971 -3.07669141720539 0.0923711449738088 -3.25773553456478 -2.895647299846 -3.0742605661154 0.0925780583213644 -3.2559307704068 -2.892590361824 -3.06866879187762 0.0924279498536681 -3.25004443138243 -2.88729315237281
179 -3.01678758910023 -3.03988804980762 0.0872882215750675 -3.20831099242333 -2.86089015636993 -3.03861183895282 0.0918331433867893 -3.21860149257803 -2.85862218532761 -3.04278177810569 0.0883289302238373 -3.21590330013737 -2.86966025607402 -3.04611528230426 0.0915930342120142 -3.22585252824222 -2.8663780363663 -3.04520380566676 0.0914624966345951 -3.224684891681 -2.86572271965252
180 -3.015061984764 -3.13027403768515 0.0938325015518806 -3.31748640208356 -2.94647716496862 -3.13135007815464 0.0956463254153891 -3.3188134312224 -2.94388672508688 -3.12453335251233 0.0947251539747518 -3.31019124273286 -2.93887546229181 -3.12986729132512 0.0960865287250959 -3.31842232930771 -2.94131225334252 -3.13032093402621 0.0959608031350357 -3.31862925487037 -2.94201261318205
181 -3.01457740785145 -3.13864382513531 0.0867373743557883 -3.3061389933958 -2.97037635342028 -3.12049621566165 0.0840260071399584 -3.28518416342067 -2.95580826790263 -3.12419169546356 0.083634745824922 -3.28811278513657 -2.96027060579055 -3.11964652109088 0.0859059508099547 -3.28822374032048 -2.95106930186128 -3.11897534748579 0.0859226549814851 -3.28758534608352 -2.95036534888807
182 -3.01181740067221 -3.16719387817409 0.0931108816863943 -3.35004366806768 -2.98356600656333 -3.16843567234721 0.0917015523640471 -3.34816741230716 -2.98870393238727 -3.15124154002228 0.090827200904795 -3.32925958261226 -2.9732234974323 -3.16572435883482 0.0935549707856378 -3.34931160362347 -2.98213711404616 -3.16699275402034 0.093724566776874 -3.35091280486405 -2.98307270317663
183 -3.01385306420627 -3.13170857165185 0.0931214381894721 -3.3152463144059 -2.95347913502961 -3.14565071862416 0.0911473217650317 -3.3242961865709 -2.96700525067741 -3.12920384409515 0.0927396414978152 -3.31097020137003 -2.94743748682028 -3.14935120575646 0.0938323062209953 -3.33348267869283 -2.9652197328201 -3.1484008950242 0.0937768435270332 -3.33242353095182 -2.96437825909658
184 -3.01760135592349 -2.91939408093381 0.0937798814053688 -3.1025735703883 -2.73616286042107 -2.90859846532861 0.0912100822225072 -3.08736694151166 -2.72982998914556 -2.91003385737205 0.0917954162212629 -3.08994956711158 -2.73011814763251 -2.90670657145925 0.0917154683594965 -3.08668407558568 -2.72672906733281 -2.90878105565644 0.0914321056964376 -3.08820250412758 -2.72935960718531
185 -3.01133044031662 -3.07194890423943 0.0904397366400678 -3.24456054462607 -2.90167155952532 -3.08418892735569 0.0871656019723157 -3.25503036791218 -2.9133474867992 -3.07507399274002 0.0873202148485071 -3.24621846896539 -2.90392951651464 -3.08596632142135 0.0889916315612165 -3.26059871465896 -2.91133392818373 -3.08444817015715 0.0885391992516685 -3.25819273455504 -2.91070360575926
186 -3.01205804199518 -3.01131228350214 0.0942175528462752 -3.19667963245469 -2.82764677426085 -3.01572341715945 0.0945012255692995 -3.20094241577018 -2.83050441854873 -3.01269235851877 0.0931257818265154 -3.19521553693087 -2.83016918010666 -3.00579577685521 0.0936302568934895 -3.18953075905424 -2.82206079465618 -3.00596838362865 0.094109614077117 -3.19064403059271 -2.82129273666459
187 -3.01131610955233 -2.9763207809952 0.0922161449136722 -3.1568147410503 -2.79993369889198 -2.98721883060168 0.0931637285980595 -3.16981638331934 -2.80462127788401 -2.97192979420215 0.0921952417676218 -3.15262914761265 -2.79123044079165 -2.98827778558313 0.0952725192464592 -3.17523545512918 -2.80132011603708 -2.98789075718641 0.0949819547516249 -3.17427823858968 -2.80150327578314
188 -3.01376923048119 -2.92619237538197 0.0910091350026975 -3.10190405364041 -2.74240756682082 -2.93716994286714 0.0936280483666868 -3.12067754560863 -2.75366234012566 -2.9305371336411 0.093644254010632 -3.11407649886105 -2.74699776842114 -2.93817534571873 0.0954542344702016 -3.12548960345013 -2.75086108798733 -2.93698286812525 0.0957671746105441 -3.12491122276318 -2.74905451348733
189 -3.01533937254065 -3.02914018371145 0.0921411062911853 -3.21475210719793 -2.8539281175277 -3.00309373936357 0.0898081481171791 -3.17911447519148 -2.82707300353566 -3.0127852170838 0.0898522064277825 -3.18889230561371 -2.83667812855388 -3.00113671776528 0.0892182563049614 -3.17621382721579 -2.82605960831478 -3.00481654346663 0.0896033183885278 -3.18064927804748 -2.82898380888578
190 -3.01800934076974 -2.99146885212537 0.0996786312794789 -3.18093234378563 -2.80452415623497 -2.99802625257689 0.0982438841333826 -3.19058072717964 -2.80547177797413 -3.00384892410674 0.0980008143609038 -3.19592699070971 -2.81177085750377 -2.98520537014075 0.0977755781786812 -3.17707490796115 -2.79333583232034 -2.9897464527063 0.0977879275515901 -3.18164022427215 -2.79785268114045
191 -3.0189333938398 -2.94148248863738 0.0905914125360887 -3.11890582177757 -2.76858020844598 -2.94712502664743 0.0942309945512618 -3.13181438219529 -2.76243567109957 -2.94586562500456 0.0936845495569467 -3.12948396804403 -2.76224728196509 -2.93721683330277 0.0962461031560358 -3.1260850115693 -2.74834865503625 -2.93842548470733 0.0955231101641105 -3.12587490039743 -2.75097606901723
192 -3.01412910926444 -3.09745908543378 0.101248724730382 -3.28362619113975 -2.89517246979218 -3.1096395941321 0.0994103448375478 -3.3044802897044 -2.9147988985598 -3.09425229670748 0.0982591464184659 -3.28683668483932 -2.90166790857564 -3.12473401864347 0.10148826620722 -3.32388913584245 -2.92557890144449 -3.11554942977705 0.101715565320916 -3.31515058653626 -2.91594827301783
193 -3.01496100142286 -3.08108568316888 0.0940782425223762 -3.28637832425848 -2.90404360868688 -3.08254416754921 0.095064571968791 -3.26886730481376 -2.89622103028467 -3.07369019456179 0.0937527384106317 -3.25744218529863 -2.88993820382495 -3.08478209729538 0.0948586892791224 -3.27092768916264 -2.89863650542811 -3.08904977800175 0.0951875413747963 -3.27584069154119 -2.90225886446231
194 -3.01498977552798 -3.11202598773445 0.0921973997113854 -3.29266633296482 -2.92708053047686 -3.10312480618265 0.0981430696940611 -3.29548168811521 -2.91076792425008 -3.10674639968243 0.0946237344900894 -3.29220551136569 -2.92128728799918 -3.11144431087266 0.0963937420975329 -3.30060220786033 -2.92228641388499 -3.11544800424586 0.0966430560475998 -3.30509514152504 -2.92580086696667
195 -3.01729282810517 -3.17543925806113 0.0917644005078064 -3.36384461711137 -2.99153150092776 -3.19043237425216 0.094563111699386 -3.37577266744899 -3.00509208105532 -3.1735039295626 0.0929152656867107 -3.35561450392252 -2.99139335520267 -3.1881818031135 0.0983517974596701 -3.38118208267111 -2.99518152355588 -3.18720900086069 0.0975163158428683 -3.37856977621225 -2.99584822550913
196 -3.01608927176846 -3.03933655699014 0.0977690079716454 -3.22690134987656 -2.83897064627299 -3.06705494621962 0.0995616363940868 -3.26219216779391 -2.87191772464534 -3.03862080615777 0.0967982857326273 -3.22834195995894 -2.8488996523566 -3.0629027206965 0.1006832827044 -3.26047818154861 -2.86532725984439 -3.06618611113552 0.101842091339971 -3.26603555575199 -2.86633666651905
197 -3.01268481884093 -3.07041313457867 0.100034466068781 -3.26465813479246 -2.88226015399846 -3.09293390153851 0.107399126248952 -3.30343232095753 -2.8824354821195 -3.08382795948095 0.104948385529725 -3.28952301535483 -2.87813290360706 -3.09013053417235 0.107957185314461 -3.301979910433 -2.87828115791171 -3.09832439775422 0.109669001902041 -3.31353295085238 -2.88311584465607
198 -3.01140381028135 -3.08435841388779 0.0931011000239693 -3.27438600870882 -2.90757932962785 -3.09075033558991 0.0929173741847505 -3.27286504253005 -2.90863562864976 -3.0772992196608 0.093278597269673 -3.26012191083778 -2.89447652848383 -3.07194541290829 0.0915692638274127 -3.25163601312149 -2.89225481269508 -3.08368400956849 0.0942095494450895 -3.26855576432575 -2.89881225481124
199 -3.01801231722505 -3.03173717083808 0.0933356401691002 -3.20640335752706 -2.84960595413646 -3.03860771698717 0.0980190749557814 -3.23072157369843 -2.84649386027591 -3.03255086458099 0.0964804892183938 -3.22164914865985 -2.84345258050214 -3.05783517380338 0.0980528419859167 -3.25024879921231 -2.86542154839444 -3.05576023391033 0.0977259871993479 -3.2475324570591 -2.86398801076156
200 -3.0130049003044 -3.05987491964073 0.093273186207549 -3.24151232646104 -2.87835503067221 -3.06786621103239 0.0955223000852429 -3.2550864789199 -2.88064594314489 -3.05907333914683 0.0947589380931854 -3.24479744502273 -2.87334923327092 -3.08393250078514 0.0963367717131293 -3.2729786021534 -2.89488639941687 -3.08006808679333 0.0957725515044308 -3.26800699275873 -2.89212918082793
