1 -3.01634318039219 -2.87179588718846 0.0891939662409236 -3.04237721727825 -2.70403588203804 -2.86146295709342 0.0931473352879462 -3.04402837951367 -2.67889753467317 -2.86065137393555 0.0917785001233155 -3.04053392873235 -2.68076881913874 -2.86158352651746 0.0933312001541501 -3.04473165584967 -2.67843539718526 -2.86182479649166 0.0933330468562295 -3.04497654969275 -2.67867304329058
2 -3.01016076574638 -2.92863977022935 0.0911592727964365 -3.10625106395969 -2.75338191193509 -2.9427843073882 0.0961613695065443 -3.13125712832507 -2.75431148645132 -2.91686514568834 0.0917940396454757 -3.09677815738891 -2.73695213398776 -2.94107879749734 0.0951450099837609 -3.12778624972167 -2.75437134527301 -2.94945334655286 0.0963991906281293 -3.13862193544404 -2.76028475766169
3 -3.01820944291447 -2.88841632541501 0.085863061221827 -3.0583557360363 -2.72249131974859 -2.88817298556912 0.0918423374602811 -3.06818065924724 -2.708165311891 -2.8817298337319 0.0913411073123346 -3.06075511437208 -2.70270455309171 -2.88250044713066 0.0920385255054347 -3.06311190123148 -2.70188899302985 -2.88474330098945 0.0917039403531239 -3.06469818317598 -2.70478841880293
4 -3.01362975002533 -3.06786999293589 0.0927411516376164 -3.25794614237105 -2.88819187851082 -3.0896136632655 0.0914212449786089 -3.26879601084539 -2.91043131568562 -3.07112504608782 0.0895684906701218 -3.24667606195087 -2.89557403022477 -3.08925265230396 0.0925138143009644 -3.27079678758373 -2.90770851702418 -3.09149710702966 0.0926076302394242 -3.27322534166316 -2.90976887239616
5 -3.01032626735978 -3.26765232664504 0.088939826487287 -3.42956607862312 -3.08103615510762 -3.24381940176629 0.085592074944558 -3.41157678601968 -3.0760620175129 -3.25377409868859 0.0859985368170921 -3.42232813357324 -3.08522006380395 -3.23321563569296 0.0869564437164294 -3.40385428572362 -3.0625769856623 -3.23305564184609 0.0868609463582871 -3.40350689299544 -3.06260439069674
6 -3.01486507752425 -2.96120547321509 0.0950055885810773 -3.15208957172596 -2.77330236008545 -2.96781179919175 0.0926483160842111 -3.14939916194509 -2.78622443643842 -2.9582097908763 0.0922210732783567 -3.1389597731175 -2.77745980863509 -2.96164345470338 0.0939005498657335 -3.14590884529914 -2.77737806410763 -2.96295664246835 0.0936402701413063 -3.14671127412655 -2.77920201081016
7 -3.00998752093091 -2.82240121366037 0.0916885312132447 -3.0025204767193 -2.64236468761761 -2.81967706483735 0.0906026406907368 -2.99725497749542 -2.64209915217929 -2.82632446642524 0.0909165893882223 -3.00451770722337 -2.64813122562711 -2.82315778351427 0.091369585585198 -3.00245654588044 -2.64385902114811 -2.82262519908542 0.0914324108808942 -3.00204724643413 -2.64320315173671
8 -3.01508951636559 -3.10410760383539 0.0946315529591841 -3.29309221178361 -2.91244555447225 -3.08070874377086 0.0988106073463151 -3.27437397546017 -2.88704351208156 -3.09545360010658 0.0973409393700337 -3.28623833549314 -2.90466886472002 -3.08249584932308 0.0989832618726906 -3.27673528069481 -2.88825641795135 -3.07744683610872 0.0990375374881796 -3.27179277503022 -2.88310089718723
9 -3.01564448096731 -2.96826590069888 0.0872476594100959 -3.14931592935224 -2.79681239242752 -2.96346651105408 0.0874021834254604 -3.13477164273815 -2.79216137937002 -2.96199309814373 0.0869789063567491 -3.13246862201764 -2.79151757426982 -2.97092264631531 0.0882251694905601 -3.14405097559347 -2.79779431703716 -2.96604099326686 0.0880995684283961 -3.13892284977342 -2.79315913676029
10 -3.01302672452035 -3.04583017339219 0.0931060842558076 -3.22279287087772 -2.85672870935988 -3.04457835793565 0.0947496778768556 -3.23028431412106 -2.85887240175025 -3.03404791905085 0.0938428456336382 -3.21797651669953 -2.85011932140216 -3.04585393971417 0.0966768200707778 -3.23556733369716 -2.85614054573118 -3.04373900503271 0.0966233362890602 -3.23334744531795 -2.85413056474747
11 -3.0131293621411 -3.07755022299219 0.0968177545766257 -3.2828804854794 -2.88493653650341 -3.09676921842635 0.0976629534551481 -3.28818508982225 -2.90535334703045 -3.08667693785541 0.0960523364701626 -3.27493605796785 -2.89841781774297 -3.0992899976645 0.0980664424251024 -3.29173031184409 -2.90684968348492 -3.10018387931549 0.0981906629836188 -3.29286795724053 -2.90749980139046
12 -3.01772496890694 -2.9270678936632 0.0945014806993462 -3.11604947815993 -2.73473096744929 -2.92818034319133 0.0942243204824336 -3.11285661780466 -2.743504068578 -2.92368417914836 0.0928281577584902 -3.1056240251062 -2.74174433319052 -2.92151662427163 0.0939064478111206 -3.10579358867831 -2.73723965986494 -2.92604240985384 0.0942270380422743 -3.11094848329396 -2.74113633641373
13 -3.01528027655935 -3.10268670520765 0.0912678000156824 -3.28378505758997 -2.92369160383394 -3.1049795448972 0.0891446698084942 -3.27969988713557 -2.93025920265884 -3.10070364732567 0.0895490007350949 -3.27621646361801 -2.92519083103334 -3.10031100101419 0.0901693209719553 -3.27725442863425 -2.92336757339414 -3.10246316722876 0.0897872698839756 -3.27865687833433 -2.9262694561232
14 -3.0157971354828 -2.88725351848465 0.0981878061837097 -3.0798824037163 -2.71557153598391 -2.89003970338763 0.0987147803471735 -3.08351711760987 -2.69656228916538 -2.87473789827221 0.0982101712143381 -3.06722629676783 -2.6822494997766 -2.88806794788996 0.0997038547006667 -3.08372143188542 -2.69241446389449 -2.88817295796707 0.0997105156079338 -3.08383951296884 -2.6925064029653
15 -3.01411256686608 -3.06520051037042 0.0891614533867954 -3.23699300442324 -2.89808251970706 -3.06656638593266 0.0852123562359851 -3.23357953519299 -2.89955323667234 -3.06777649458838 0.0858422736589546 -3.23602425931096 -2.89952872986579 -3.06824579980825 0.0866854471427647 -3.23835266073259 -2.89813893888392 -3.06713129780724 0.0865886264838314 -3.23704816307594 -2.89721443253854
16 -3.01456506471426 -3.04692114011742 0.0941839972293435 -3.2274253222431 -2.85885952819832 -3.02409850337585 0.102725770951109 -3.22543731472413 -2.82275969202756 -3.0293810736093 0.0998931625319044 -3.22516807447364 -2.83359407274496 -3.03038033016619 0.0993010118320047 -3.2252432969746 -2.83551736335778 -3.02879849520792 0.100466419249495 -3.22594839487555 -2.83164859554029
17 -3.01649642408731 -2.92874488661312 0.105210810712368 -3.13887537925203 -2.73098348949847 -2.95351789927915 0.10418286086591 -3.15771255438268 -2.74932324417561 -2.94316563663264 0.103667978769362 -3.14635114137065 -2.73998013189462 -2.94907516407545 0.104879025286254 -3.15488412459066 -2.74326620356024 -2.95982013102128 0.105384286892648 -3.16662058974804 -2.75301967229452
18 -3.01251428093978 -3.11007921666484 0.095741709012363 -3.28875571571486 -2.9089754942627 -3.1164150220435 0.096464262760791 -3.30548150284986 -2.92734854123714 -3.10699043238177 0.0954761622057532 -3.29412027168715 -2.91986059307639 -3.12299202371822 0.0968544924827669 -3.31305407249013 -2.9329299749463 -3.12067424229581 0.0969841440224113 -3.31099071227854 -2.93035777231307
19 -3.01226596587765 -2.89751707938325 0.101067127076887 -3.09346563153759 -2.70124081539916 -2.90979860627163 0.102016920612875 -3.10974809648654 -2.70984911605671 -2.8944339350015 0.101387348714593 -3.09314948697011 -2.6957183830329 -2.90568773200059 0.103740367903489 -3.10926225248653 -2.70211321151464 -2.90763221521572 0.103491157256161 -3.11071769812589 -2.70454673230555
20 -3.0156501077665 -2.93153528282652 0.0907276052587901 -3.11093173702845 -2.7549750539009 -2.92819426252305 0.0900169649578127 -3.10462427183797 -2.75176425320814 -2.93720138296379 0.0899624581512321 -3.1135245609009 -2.76087820502669 -2.93162705952277 0.0895231441872737 -3.10730246456156 -2.75595165448398 -2.93085079605993 0.0896840040655476 -3.10684186387539 -2.75485972824447
21 -3.0143536722023 -3.04737422628194 0.0963951514588618 -3.23260778766607 -2.85824476128448 -3.03397200518852 0.0931792909833298 -3.21660005962083 -2.85134395075622 -3.03337945592221 0.0931751974703882 -3.21599948721657 -2.85075942462784 -3.02650688879728 0.093837231995141 -3.210648027808 -2.84236574978657 -3.02801626616327 0.0938060340554249 -3.21209618401441 -2.84393634831213
22 -3.01063296277048 -2.95228362262131 0.0925174582314187 -3.13213744524873 -2.76860415701123 -2.93316890180147 0.0930503543660104 -3.11554424510754 -2.7507935584954 -2.93384285103601 0.092074253176179 -3.11430507116474 -2.75338063090728 -2.93084066841745 0.0928485246753915 -3.11304162134066 -2.74863971549424 -2.9327480439282 0.0927188330944301 -3.11469449706566 -2.75080159079074
23 -3.01707740351216 -3.06513599413917 0.0993159695016603 -3.25647868784857 -2.86841598548868 -3.07725945816444 0.0995822030161572 -3.27243698957726 -2.88208192675161 -3.06132992705925 0.0995631815347948 -3.25647017705367 -2.86618967706483 -3.0709045146239 0.100801230663137 -3.26871143020889 -2.8730975990389 -3.071476670021 0.101198464491541 -3.27006309591401 -2.872890244128
24 -3.01047299657106 -2.95603283529567 0.0884393123431003 -3.1381572691116 -2.78682880221195 -2.95421980590619 0.0866487820116097 -3.1240482979532 -2.78439131385917 -2.94894920072589 0.0864390922002666 -3.11836670829475 -2.77953169315703 -2.94965331124017 0.0883514500125936 -3.12302944662543 -2.77627717585491 -2.95011011286318 0.0882208328017763 -3.12322993205642 -2.77699029366994
25 -3.01457892736392 -3.03585027163168 0.0904287720853394 -3.2105114336238 -2.85692452421141 -3.06323318305347 0.0878964403443007 -3.23550704049757 -2.89095932560937 -3.05941572936641 0.0878974994582338 -3.23169166263568 -2.88713979609715 -3.05674339982089 0.0901988988323023 -3.23374486944387 -2.87974193019791 -3.05614146470415 0.0906267948756146 -3.23398261451716 -2.87830031489113
26 -3.01420556397638 -2.86965096576349 0.0845862779897495 -3.04418257747401 -2.71254897597219 -2.866943384357 0.0855802377166982 -3.0346775680701 -2.69920920064389 -2.86892636506638 0.0849671396063208 -3.03545889856415 -2.7023938315686 -2.86863932461285 0.0866699007969194 -3.03871567822393 -2.69856297100177 -2.86837128749745 0.0865155226284636 -3.03814469769073 -2.69859787730417
27 -3.01135218844198 -3.20990246984513 0.0953843314835826 -3.39955958981869 -3.02470006908562 -3.20881657070155 0.0977131101062775 -3.40033074732725 -3.01730239407585 -3.1985378175326 0.0964818721053165 -3.38763881202002 -3.00943682304518 -3.21268360012285 0.0970862375395197 -3.40320041293461 -3.02216678731109 -3.21470271711922 0.0975343994439439 -3.40609897875729 -3.02330645548115
28 -3.01571901776121 -3.06349055799467 0.0931661021092907 -3.24401026725932 -2.88451116940726 -3.06124893042263 0.0998007256910439 -3.25685475840804 -2.86564310243722 -3.05144470557392 0.095682132142609 -3.23897823853744 -2.86391117261041 -3.0665885874394 0.0982682652886875 -3.2594249479557 -2.8737522269231 -3.06394335868116 0.099682407209438 -3.25955475527294 -2.86833196208938
29 -3.01555862220866 -2.84680411991723 0.104548185210043 -3.05103800735255 -2.64198699939902 -2.84796141328125 0.105557718097191 -3.05485073904197 -2.64107208752052 -2.8469972190985 0.104705010886759 -3.05221526943742 -2.64177916875958 -2.8498424113281 0.105725787170332 -3.0573130118394 -2.64237181081681 -2.85046559580771 0.105731990536789 -3.05794836947183 -2.6429828221436
30 -3.01235463788155 -2.73092254900359 0.0946665860040247 -2.91585928656881 -2.5365254073443 -2.72052465083436 0.0952337672655072 -2.90717940478682 -2.53386989688189 -2.71862704220389 0.0940743422503762 -2.90300936488392 -2.53424471952386 -2.7158211086528 0.0969101944835037 -2.9059924640362 -2.5256497532694 -2.71490047668581 0.0968382070217536 -2.9049305677446 -2.52487038562702
31 -3.01835894304335 -3.090911531312 0.0835921875484684 -3.26090041258399 -2.9321553750515 -3.10996928260162 0.0854552483832126 -3.27745849172264 -2.9424800734806 -3.11219515887145 0.0848877471513748 -3.27857208601689 -2.94581823172601 -3.11730663755183 0.0879432699951208 -3.28988178241615 -2.9447314926875 -3.10697367754994 0.0879521152765803 -3.27956617991904 -2.93438117518084
32 -3.01535173540156 -3.07496256767469 0.0908461896098392 -3.24878471125847 -2.90011081479207 -3.07434752024708 0.0929438640996609 -3.2565141464664 -2.89218089402776 -3.07753678174161 0.091866361060698 -3.25759154081133 -2.89748202267189 -3.07459195200993 0.0917826885238043 -3.25470136537279 -2.89448253864707 -3.07462556223328 0.09193015339582 -3.2550243527327 -2.89422677173387
33 -3.01418085089861 -3.01983109344677 0.0967592785137853 -3.20255432387323 -2.83732897363697 -3.01827438546693 0.10134365886842 -3.21690430691054 -2.81964446402331 -3.02865028192612 0.102951013499976 -3.23043056055797 -2.82687000329427 -3.00892574926823 0.103475286020026 -3.2119800873179 -2.80587141121855 -3.0170138509707 0.103113785939534 -3.21935880069808 -2.81466890124333
34 -3.0153067091976 -2.99194318421488 0.0962423331669944 -3.1749513150139 -2.80063274179623 -2.98846085380968 0.0950047400422863 -3.17466672265315 -2.80225498496621 -2.99048428278765 0.0951855278658477 -3.17704448925415 -2.80392407632115 -2.98352397604123 0.0984119679690939 -3.17664233097153 -2.79040562111092 -2.98836950422436 0.0977259357362522 -3.18014162638472 -2.79659738206401
35 -3.01092145076725 -3.05933553170233 0.0942122023511304 -3.23537482820045 -2.86491019705684 -3.05577549910415 0.095360046827259 -3.24267775644963 -2.86887324175867 -3.0507445893585 0.0950918951072369 -3.23712127899035 -2.86436789972666 -3.0439825051005 0.0966969956043345 -3.23373549046583 -2.85422951973518 -3.05583789117135 0.0965524530887696 -3.2453072340753 -2.8663685482674
36 -3.01705251861455 -3.0961842902289 0.100120195597543 -3.3026111048419 -2.90588807839735 -3.11402213236361 0.100035873878335 -3.31008884232714 -2.91795542240009 -3.09225394211725 0.0997675140753493 -3.28779467653203 -2.89671320770248 -3.10777325706981 0.102682885096672 -3.30927263015007 -2.90627388398955 -3.11062898313518 0.10225922680172 -3.31129699195496 -2.90996097431541
37 -3.01499110405812 -2.95732118109781 0.0910540494268794 -3.13437029889247 -2.77586978903803 -2.91966641776736 0.0982690987659005 -3.11227031214173 -2.72706252339298 -2.92790135084071 0.0936176411309778 -3.11138855577502 -2.7444141459064 -2.92683051968712 0.0930538902048293 -3.10943447088405 -2.74422656849019 -2.92128103676427 0.0961110827174535 -3.10988425818135 -2.73267781534719
38 -3.01392983221387 -3.11097173836968 0.088857028654135 -3.2796371084225 -2.94121520039529 -3.13960065268963 0.0929073818853708 -3.32169577508287 -2.9575055302964 -3.12205959485187 0.0908637118610715 -3.3001491976012 -2.94396999210255 -3.12793941198266 0.0927961453623422 -3.31003757855806 -2.94584124540726 -3.13428031066878 0.0929839469779004 -3.3167470090376 -2.95181361229996
39 -3.0144273312423 -2.93479897199673 0.0946874420451667 -3.13050755885452 -2.75832635065922 -2.94083472051706 0.096627700596251 -3.13022153359463 -2.75144790743949 -2.92779246336643 0.0965495660790843 -3.1170261356044 -2.73855879112845 -2.93645648145304 0.0981175655480899 -3.1289971169006 -2.74391584600549 -2.93719225156724 0.0987066414851968 -3.13088885796275 -2.74349564517173
40 -3.01457121459135 -3.10543780589489 0.094242956960489 -3.2933824911674 -2.91533687635026 -3.11242471617506 0.0979697261658099 -3.3044418510353 -2.92040758131482 -3.10553607156617 0.0977420897713068 -3.29710704729162 -2.91396509584073 -3.11233748400223 0.0982463101390912 -3.30513076091335 -2.9195442070911 -3.11215841642663 0.0982815101052164 -3.30502076785878 -2.91929606499447
41 -3.01116977170102 -3.05610428641813 0.0937276810444429 -3.23771842798537 -2.86558746020717 -3.05811862942962 0.0953191009728555 -3.24494063437515 -2.87129662448408 -3.04801090826951 0.0935849607135345 -3.23143406076264 -2.86458775577639 -3.0492358528136 0.0954687028202752 -3.23657850245731 -2.86189320316989 -3.05940542438217 0.0952157644745833 -3.24625172141525 -2.8725591273491
42 -3.01444761907459 -2.89498727501251 0.0919929972892389 -3.07111812242127 -2.70837178039351 -2.90947403844718 0.0880830078438923 -3.08211356147117 -2.73683451542319 -2.8940237112904 0.0884704461527337 -3.06742259944595 -2.72062482313485 -2.90510161322306 0.0881778619910556 -3.07813710880762 -2.73206611763849 -2.90598388068069 0.0882119595429682 -3.07908628746791 -2.73288147389347
43 -3.01247511138738 -2.99399088085668 0.103391949712933 -3.19152358454355 -2.78426513218924 -2.97349472924318 0.109368506066467 -3.18785306217641 -2.75913639630996 -2.96906800129581 0.107807834871821 -3.18036747489582 -2.7577685276958 -2.97783313374266 0.106572476905586 -3.18696523266906 -2.76870103481625 -2.98315602640104 0.107102010239663 -3.19332725307245 -2.77298479972962
44 -3.01485545167897 -2.99415635240164 0.102847218582453 -3.203736237604 -2.80718269485969 -2.98534467788262 0.101438514022043 -3.18416051201109 -2.78652884375416 -2.98412613155472 0.0999721053003381 -3.18006785740203 -2.78818440570741 -2.99742668453018 0.100878784815093 -3.19538578821336 -2.79946758084701 -2.99666631931343 0.100790645828885 -3.19445246378877 -2.7988801748381
45 -3.01128932719939 -3.17260743883462 0.0914022812275166 -3.36797580732866 -3.00072940347238 -3.16159617306147 0.0921766176961907 -3.34225902396272 -2.98093332216022 -3.16171181366789 0.0916301354497599 -3.34130357904794 -2.98212004828783 -3.1544757259699 0.0929879000957512 -3.33695018172466 -2.97200127021514 -3.15293768247964 0.0930476887477372 -3.33552946427059 -2.9703459006887
46 -3.01120993681924 -2.91175765919077 0.0947786869658164 -3.09091747170932 -2.72455504837417 -2.91207018325498 0.0900991822266446 -3.08866133545572 -2.73547903105425 -2.89802772743257 0.0905579925544467 -3.07551813135153 -2.72053732351361 -2.91220889429326 0.0905637994225074 -3.08992642521597 -2.73449136337054 -2.91319933296852 0.0905873034997997 -3.09096298702884 -2.73543567890819
47 -3.0182994046395 -3.23439211290257 0.0940070633496812 -3.41720921608082 -3.05102645049511 -3.22732658440188 0.0913346921887439 -3.40633929163087 -3.04831387717289 -3.220010797299 0.0910395718724685 -3.39844507933699 -3.04157651526102 -3.2190249513697 0.091996770919721 -3.3995544685164 -3.03849543422301 -3.21991319631979 0.0927814198563425 -3.40198246635392 -3.03784392628566
48 -3.01596483414503 -3.04216279728778 0.0925595978532661 -3.21540178287005 -2.8630728974717 -3.00794036928411 0.0979373971483395 -3.19989414043445 -2.81598659813377 -3.00629126784299 0.0962796470844446 -3.19499590857273 -2.81758662711325 -3.01657562994757 0.0974752693480571 -3.20785585786453 -2.8252954020306 -3.01221838976775 0.0975717777250305 -3.20368800053502 -2.82074877900048
49 -3.01299946467522 -3.04938397124945 0.0933331926568871 -3.23441047251224 -2.87032469705035 -3.07779589061748 0.0999053908743694 -3.27360685859264 -2.88198492264232 -3.04364038506579 0.0988031459171042 -3.23729099262257 -2.84998977750901 -3.08187109255617 0.101545551773295 -3.28113862387012 -2.88260356124222 -3.07607963330442 0.100942905213928 -3.2741645634109 -2.87799470319793
50 -3.01577691227358 -3.11906296909915 0.0917599088313743 -3.29187087192437 -2.9311479921558 -3.12207159554135 0.0919139748745473 -3.30221967597138 -2.94192351511132 -3.11800597440798 0.0925606880815806 -3.29942158943212 -2.93659035938383 -3.11765684095786 0.0933836368268042 -3.30090786919729 -2.93440581271844 -3.11694694058336 0.0932615913385537 -3.29995847331828 -2.93393540784844
51 -3.01860803528678 -3.0063353110012 0.0914051543430546 -3.18547330209886 -2.8299297175003 -3.00121493514118 0.0923183110820817 -3.18215549997563 -2.82027437030674 -2.99975170709815 0.0918093504201873 -3.17969472736573 -2.81980868683056 -3.00048942015717 0.0923333130651848 -3.18167934951631 -2.81929949079804 -3.00058609649988 0.0923336337170587 -3.18177665508901 -2.81939553791075
52 -3.01352187114571 -3.03208540481009 0.0841643138453631 -3.18649463324557 -2.8602822397597 -3.03851761940885 0.0858160523120254 -3.20671399123583 -2.87032124758188 -3.04210470929796 0.0860258133054841 -3.21071220511748 -2.87349721347845 -3.03052536321766 0.0862291986156233 -3.19973690656204 -2.86131381987328 -3.03614963382166 0.0862540681315826 -3.20540997976708 -2.86688928787625
53 -3.01067850416215 -2.92056086230898 0.0935062275158285 -3.08898630239207 -2.72615971084162 -2.9403438434983 0.089564841038292 -3.11588770621441 -2.7647999807822 -2.91899608662562 0.0880959828666152 -3.09166104022685 -2.7463311330244 -2.93665008897186 0.0896454813617892 -3.1125655619046 -2.76073461603913 -2.94069655685042 0.089633140888364 -3.11658781350157 -2.76480530019926
54 -3.01554960442686 -3.15980827295656 0.0948237883871339 -3.3430962149241 -2.9699480155769 -3.15098438762661 0.0979870500797221 -3.34303547673419 -2.95893329851903 -3.15665690489262 0.096007568791255 -3.34482828196673 -2.96848552781851 -3.14950391171781 0.0979876777796051 -3.34178966239176 -2.95721816104385 -3.15102051316846 0.0984993943448399 -3.34431042891815 -2.95773059741877
55 -3.01306815764207 -2.9143513922021 0.0885706952803287 -3.08791876914998 -2.73668355181033 -2.92385963909546 0.0870791027321904 -3.09453154425661 -2.7531877339343 -2.90603418308688 0.0879109261170258 -3.07833643212381 -2.73373193404995 -2.9133051583176 0.0887082319067351 -3.08738142330994 -2.73922889332527 -2.91935979073854 0.0884758102380867 -3.09297996394422 -2.74573961753287
56 -3.01439409861332 -3.02489488894866 0.097021033639372 -3.21370038284245 -2.8370143543184 -3.02087364239133 0.0955079403334879 -3.20806576568257 -2.83368151910009 -3.02225038826267 0.0953591045863846 -3.20915079884997 -2.83534997767537 -3.01356243641254 0.09655463316624 -3.20303605738331 -2.82408881544177 -3.01629693457752 0.0969078054770411 -3.20646360190308 -2.82613026725196
57 -3.01263057830447 -3.02130995012481 0.0912407290901217 -3.20025381456081 -2.85549197456534 -3.03047382761008 0.095319627737144 -3.21729686499465 -2.84365079022551 -3.0160867788841 0.092968877780649 -3.19830243101728 -2.83387112675092 -3.0340709617061 0.0934054617982204 -3.21736481809604 -2.85077710531617 -3.03307173060034 0.094409617986284 -3.21833608910637 -2.84780737209431
58 -3.01755523132776 -2.92097406743487 0.0935211215786175 -3.09610987646967 -2.73241810489557 -2.92842788689451 0.0911710530860955 -3.10711986737585 -2.74973590641318 -2.92443855084712 0.0909500275788387 -3.10269732929457 -2.74617977239967 -2.92134521237886 0.0934017626112692 -3.1046318096832 -2.73805861507452 -2.92236238966223 0.0933966294398771 -3.10563891390701 -2.73908586541744
59 -3.01520078607902 -3.03900850146501 0.0948718954969244 -3.21703386675695 -2.84408699074133 -3.06617775834792 0.0956930594946342 -3.25373270852785 -2.87862280816799 -3.05499394357408 0.0955623441150893 -3.24229269631787 -2.86769519083028 -3.0635334587914 0.0964726190034211 -3.25284613957846 -2.87422077800435 -3.06355280104006 0.0965140343066815 -3.25294675299159 -2.87415884908854
60 -3.01352052086697 -3.03494705166352 0.091177243025926 -3.21982776175778 -2.87002346986614 -3.03594346428625 0.0937237263080042 -3.21963859234683 -2.85224833622567 -3.02418369531447 0.0929299262512797 -3.20632300385294 -2.842044386776 -3.03404013414544 0.0952342568251347 -3.22092271957302 -2.84715754871786 -3.03056569363724 0.0946974130660482 -3.2163948057348 -2.84473658153967
61 -3.01177356453218 -3.07525314032154 0.0920300225210504 -3.25900409757528 -2.89387640159296 -3.08528583683188 0.0953174218296366 -3.27210455071718 -2.89846712294658 -3.08072816175232 0.0955561147560709 -3.2680147051768 -2.89344161832785 -3.08363846552677 0.0964669488131899 -3.27294001943736 -2.89433691161617 -3.08339664279644 0.0961928008605577 -3.27216022350406 -2.89463306208883
62 -3.01264875916474 -3.04863567195843 0.0973840074017839 -3.23589401104324 -2.86073059948913 -3.06620026440782 0.0983571516493902 -3.25897673926257 -2.87342378955307 -3.05517170188516 0.0977376959718007 -3.24673406592181 -2.8636093378485 -3.06845910707177 0.100204119117472 -3.2650942830626 -2.87182393108094 -3.06048998213785 0.0992225294349083 -3.25519893930972 -2.86578102496598
63 -3.0113633386362 -3.01815927617477 0.0919316834996422 -3.19522409923355 -2.83354423109845 -3.00705434179422 0.0957234674780499 -3.19466889052649 -2.81943979306196 -2.9971496282184 0.0945912255803048 -3.1825450236093 -2.8117542328275 -2.99689368955469 0.0956699446585965 -3.18463124536237 -2.80915613374701 -3.00014132505346 0.0959636791871374 -3.18845528970763 -2.81182736039928
64 -3.01575522273426 -3.05219878083044 0.0926110254673362 -3.2403225722938 -2.8782929274437 -3.02548399687228 0.0949437799067283 -3.21157038604556 -2.83939760769899 -3.02994283632029 0.0950738315519144 -3.21628412203427 -2.84360155060631 -3.03934902552016 0.0946455768817636 -3.22507641707661 -2.85362163396372 -3.02099077325096 0.0952076778954907 -3.20782120161599 -2.83416034488593
65 -3.01648251535752 -2.99796135399396 0.102281301281905 -3.20526033761745 -2.80527091635187 -3.0165332285214 0.101072062430108 -3.21463083072759 -2.8184356263152 -3.00805090974039 0.103312901208247 -3.2105404752469 -2.80556134423388 -3.00002299085994 0.104077813215035 -3.20425969588289 -2.795786285837 -3.01870910314157 0.103117944438409 -3.22106221328356 -2.81635599299958
66 -3.01681383324558 -3.06664404663647 0.0993238206598654 -3.27233548836441 -2.87455028094821 -3.04300138710997 0.0979668696434577 -3.23501292328928 -2.85098985093066 -3.03715424636649 0.0985393711096725 -3.23028786480067 -2.8440206279323 -3.04233583770785 0.100227463018103 -3.23901682251422 -2.84565485290149 -3.04196039084953 0.100143344921028 -3.23847630682472 -2.84544447487435
67 -3.01916721741538 -2.90596509989865 0.092232106382285 -3.08004740225125 -2.71953966516197 -2.91788187633555 0.0925278169616824 -3.09923306514856 -2.73653068752253 -2.90179095720861 0.0922419563853624 -3.08258186958743 -2.72100004482978 -2.9182409259185 0.0941489132890222 -3.10299369154313 -2.73348816029388 -2.91559625672884 0.0941535898360475 -3.10035819935792 -2.73083431409976
68 -3.01163826391257 -3.01695930966092 0.0948097320887662 -3.18722083614129 -2.82555076891658 -3.02831834356637 0.0972188685667102 -3.21886382457485 -2.83777286255788 -3.00812269311804 0.0966815185369167 -3.19761498742104 -2.81863039881504 -3.03533633873508 0.0994029137017595 -3.23039927229406 -2.84027340517611 -3.02741536647138 0.0988914321779923 -3.22147459618736 -2.8333561367554
69 -3.01413933674057 -2.87071519650594 0.0894717064505097 -3.05345914693218 -2.69933384654415 -2.86564858226185 0.0917732864258854 -3.04552091839946 -2.68577624612423 -2.88051985260539 0.0904675220313645 -3.05783293755745 -2.70320676765333 -2.8693535457081 0.0914935270192819 -3.04889552408094 -2.68981156733527 -2.86870087320902 0.0916419933363257 -3.0485341939003 -2.68886755251775
70 -3.01998164330105 -2.9411228174529 0.0863284566313443 -3.11684307907435 -2.77423721663328 -2.94822165825674 0.0917749931498578 -3.12809733951187 -2.76834597700161 -2.94822017770832 0.0901797991077696 -3.1249693360926 -2.77147101932403 -2.94942151506566 0.0933752690679653 -3.13265612286502 -2.7661869072663 -2.94498830392442 0.0932300756484247 -3.12793799196344 -2.7620386158854
71 -3.00991741219112 -3.00338915937997 0.101706498502517 -3.21379075922879 -2.8039886191592 -3.00721612995107 0.101652844297783 -3.20645204370078 -2.80798021620135 -2.99780602920873 0.100097808086342 -3.19399412798936 -2.8016179304281 -3.00986090711498 0.10194286391624 -3.20990810241719 -2.80981371181277 -3.01256222406978 0.101925799534266 -3.21257593314626 -2.81254851499331
72 -3.01431884347862 -2.99218735379736 0.0971592501404268 -3.18588411258275 -2.80820101031287 -2.98138348890497 0.098045154489485 -3.17354846056303 -2.78921851724692 -2.97957637767518 0.0961680851326376 -3.16806236099733 -2.79109039435302 -2.97793969684718 0.0978461372622104 -3.16994769601957 -2.78593169767479 -2.97708083878444 0.0986412476044372 -3.17064911974418 -2.78351255782471
73 -3.01072519308786 -2.98613732064853 0.0957102129556633 -3.18102353900199 -2.8057021883728 -2.97744930720278 0.0986482813673673 -3.17079638581959 -2.78410222858596 -2.97089459537841 0.0976688317121762 -3.16232198794638 -2.77946720281044 -2.9769224990053 0.1013244840357 -3.17575621887646 -2.77808877913413 -2.96694360169358 0.10135478674203 -3.16583678596645 -2.76805041742071
74 -3.01723174070801 -2.92275284601464 0.0882541711538076 -3.09347370638178 -2.74586047424653 -2.90912048713044 0.0873403787088835 -3.08030448379594 -2.73793649046494 -2.90583639222258 0.0867259301664633 -3.07581609187458 -2.73585669257057 -2.9111618293079 0.0873188739847171 -3.08251169301137 -2.73981196560442 -2.91213615326407 0.0874290171412734 -3.08370215597625 -2.7405701505519
75 -3.01458736860987 -3.15410144103742 0.0990290235814659 -3.34941826423098 -2.96816564783269 -3.16759223114938 0.0991816336139088 -3.36198466096049 -2.97319980133828 -3.16884250359222 0.100366030050648 -3.36555630776276 -2.97212869942169 -3.17114662120709 0.101690011384245 -3.37069763229485 -2.97159561011932 -3.1690686203983 0.101854614635632 -3.36894264005688 -2.96919460073973
76 -3.01004720991986 -2.92623700194451 0.0923534230950152 -3.09710781818411 -2.73952700053019 -2.92928236662022 0.0928880024931348 -3.11133950610263 -2.74722522713781 -2.92918733084114 0.0924780072140959 -3.11044089434281 -2.74793376733948 -2.92711212364049 0.092786702504451 -3.10919176005926 -2.74503248722173 -2.93070613101749 0.0930465690619184 -3.11329571559718 -2.7481165464378
77 -3.01588821748996 -3.05597960479682 0.0906979762725208 -3.21837412411488 -2.87023576308563 -3.04451170576865 0.0894942481143019 -3.21991720889617 -2.86910620264112 -3.03822014440027 0.0884929760469678 -3.21166319033709 -2.86477709846344 -3.04484483741559 0.0900331845884794 -3.22152111831594 -2.86816855651524 -3.04327168717464 0.0900605425876612 -3.22000165394171 -2.86654172040757
78 -3.01503727942371 -3.0543068648159 0.0915500205377706 -3.23039758846698 -2.87554174447521 -3.06438745073583 0.0891340901021214 -3.23908705713073 -2.88968784434092 -3.05660974122607 0.0896306783369826 -3.23228264267645 -2.88093683977569 -3.06498275430263 0.0909476850742129 -3.24345360178906 -2.8865119068162 -3.06548182119569 0.090935129664811 -3.24392803062174 -2.88703561176965
79 -3.01414162757267 -3.06713016304024 0.0872990551499946 -3.22930999101121 -2.90372035944836 -3.05875147418146 0.087771046113795 -3.2307795634499 -2.88672338491302 -3.06595821765324 0.0872271079371631 -3.23692020768567 -2.89499622762081 -3.06780709941154 0.0880329492577856 -3.24055822603941 -2.89505597278367 -3.06453038249623 0.0881700847271604 -3.23755061639627 -2.8915101485962
80 -3.01741810670274 -2.90375984038339 0.0926036066620579 -3.08225659228741 -2.72264105039583 -2.93043093679104 0.092239138648692 -3.11121632650748 -2.74964554707461 -2.93181063582086 0.0921087261962469 -3.11234042182737 -2.75128084981436 -2.93673576619086 0.0946075423366676 -3.1223885208009 -2.75108301158083 -2.93550699621442 0.0946648318980541 -3.12127217277961 -2.74974181964924
81 -3.0140517096359 -3.05911657372598 0.0894926205010994 -3.24177113921689 -2.89486777392152 -3.0539034644645 0.0888114109556513 -3.22797063135377 -2.87983629757524 -3.05090044495485 0.0882958997667482 -3.22395722848024 -2.87784366142947 -3.05168676743974 0.0883991962153424 -3.22515659740625 -2.87821693747323 -3.05263472002879 0.0885025986200719 -3.22630746131502 -2.87896197874256
82 -3.01257890748655 -3.06946652342845 0.0858274054907928 -3.24979461247544 -2.907516362511 -3.06486389623917 0.0869448976370498 -3.23527276424731 -2.89445502823103 -3.06699692121245 0.0871889685884804 -3.23788415949506 -2.89610968292983 -3.07141273547611 0.0874303905047389 -3.24298143320291 -2.8998440377493 -3.06958044094948 0.0869046757430254 -3.24011750429238 -2.89904337760658
83 -3.01376558380281 -3.0902519688218 0.0867198459765009 -3.25769710540951 -2.9209174302765 -3.11043404963971 0.0868909021277715 -3.28073708839433 -2.94013101088508 -3.10888764796973 0.0871144996411684 -3.27962892979765 -2.93814636614181 -3.101938434943 0.0890236830430617 -3.27663372428537 -2.92724314560063 -3.10354950365667 0.0891795222841966 -3.27855060354732 -2.92854840376602
84 -3.01337264614984 -3.10047841616252 0.0870993020047401 -3.27250795317808 -2.92872534036975 -3.09138213178384 0.0891326263182366 -3.26607886921505 -2.91668539435263 -3.09429647467476 0.089454232457161 -3.26962354855547 -2.91896940079405 -3.0945748266428 0.0905386361033806 -3.27224297842094 -2.91690667486466 -3.09219403184189 0.0903512377636473 -3.2694944431934 -2.91489362049037
85 -3.01694106983352 -3.04960400789477 0.0917347168628778 -3.24778129314099 -2.88294550554132 -3.04708304464675 0.0908097232388885 -3.22506683164102 -2.86909925765248 -3.04283897292762 0.0904894233450162 -3.22019498366565 -2.86548296218959 -3.04530472406679 0.0928581673695577 -3.22752459929461 -2.86308484883898 -3.04365933778465 0.0922038906712283 -3.22459529559614 -2.86272337997317
86 -3.01337375767657 -3.01068035224482 0.0977510557750579 -3.19848328327683 -2.81460308329893 -2.99764344642378 0.096291635986881 -3.18637158497051 -2.80891530787705 -3.0035972369589 0.095926986405676 -3.19161067545949 -2.81558379845831 -3.00298520374265 0.0991363159983647 -3.19752498030181 -2.80844542718348 -2.9968355197716 0.0989901857170555 -3.19108853812326 -2.80258250141994
87 -3.01057052823348 -3.09917199828147 0.0891758538578649 -3.27511227719011 -2.92700740749163 -3.09405965592853 0.0892518033492905 -3.26898997604839 -2.91912933580866 -3.08228949476268 0.0878331135770503 -3.25443923402371 -2.91013975550164 -3.08552718540456 0.0903580609175138 -3.26284098614638 -2.90821338466273 -3.08814062885855 0.0904517616842087 -3.26563830294722 -2.91064295476989
88 -3.01346786107141 -3.08189876478179 0.0942748523866966 -3.25773967536861 -2.89628298728507 -3.06938513616592 0.0926619481572906 -3.25099921729153 -2.88777105504032 -3.07718753738473 0.0927263220291108 -3.25892778898065 -2.89544728578881 -3.06204169186998 0.0940954696722732 -3.24668958261443 -2.87739380112553 -3.06207139961587 0.0941731460338235 -3.24687171827605 -2.8772710809557
89 -3.01361832203954 -2.91401693779978 0.0939374983900522 -3.10341470156779 -2.7354623966357 -2.94240000956084 0.0949149440701782 -3.12842988153302 -2.75637013758866 -2.92921337150687 0.0921169415996752 -3.10975925940822 -2.74866748360553 -2.94486260885428 0.0952232825165168 -3.13172365888864 -2.75800155881991 -2.94302276662285 0.0961587607384945 -3.13171954882506 -2.75432598442064
90 -3.01490487264659 -2.8373691812924 0.0913196002535656 -3.03733293689637 -2.65815710324838 -2.85240051047731 0.0934668306213983 -3.03559213224436 -2.66920888871027 -2.84912928367936 0.0937680094345481 -3.03291120507308 -2.66534736228563 -2.85604454148533 0.0950466097658602 -3.04255889841243 -2.66953018455823 -2.85445870518553 0.0947616457487939 -3.04041386404632 -2.66850354632474
91 -3.01356972680574 -2.96462072456008 0.0898484254277403 -3.13373813185849 -2.79096682671524 -2.95361603070558 0.0880939911936544 -3.12627708069953 -2.78095498071163 -2.9474938245216 0.088625092568984 -3.12119581408333 -2.77379183495986 -2.95129163274084 0.0891599626291315 -3.12625434981599 -2.77632891566569 -2.95295018373936 0.0889504270619256 -3.12750171948288 -2.77839864799584
92 -3.01914694589211 -2.96202841607012 0.0931157818702781 -3.15237469051826 -2.78337988410516 -2.96849219250349 0.0913278931074856 -3.14749157377809 -2.7894928112289 -2.96185206711563 0.0900925404941307 -3.13843020175984 -2.78527393247142 -2.96181335754911 0.0935205633496437 -3.14533308303525 -2.77829363206297 -2.96198505100454 0.0929845052835887 -3.14445284496243 -2.77951725704665
93 -3.01840999341868 -3.05035393283202 0.0855934557121098 -3.220842951239 -2.88358949767282 -3.05308927483747 0.0857441064048604 -3.22114463527756 -2.88503391439737 -3.04534323681764 0.086791383012614 -3.21545122169078 -2.87523525194449 -3.05438024235428 0.0863649446575556 -3.2238581664331 -2.88490231827545 -3.05393094791623 0.0864858722431767 -3.22364617378754 -2.88421572204492
94 -3.01496448548328 -3.21724519986611 0.0945982432423991 -3.40504244851675 -3.03870049430302 -3.22853321570863 0.0962355598392014 -3.41715144702552 -3.03991498439175 -3.22987963071968 0.095350653742399 -3.41676347795713 -3.04299578348223 -3.23174810689475 0.0966748430437962 -3.42145762126628 -3.04203859252322 -3.23081654101077 0.0965939825737237 -3.42036737914321 -3.04126570287834
95 -3.01083134368778 -3.03672468309579 0.0923397152035745 -3.2304015883781 -2.8587012029444 -3.02169539956248 0.0944873979289194 -3.20688729649607 -2.83650350262889 -3.02897207044903 0.0942574357662842 -3.21371324982604 -2.84423089107201 -3.02828605183663 0.0956030508684466 -3.215892338867 -2.84067976480627 -3.01912943913721 0.0958908332671247 -3.20730045487443 -2.83095842339999
96 -3.01293584093974 -3.05949843157482 0.0890195521109258 -3.23476326647015 -2.8774666121558 -3.07603895300782 0.0916550254294269 -3.2556795018516 -2.89639840416404 -3.06446666150093 0.0902688806147959 -3.24139041643068 -2.88754290657118 -3.07676718290278 0.0927648249128524 -3.25880388791201 -2.89473047789355 -3.07870430278163 0.0927428209889376 -3.26069782847359 -2.89671077708967
97 -3.01143184670488 -3.01581606761119 0.0853681430318927 -3.18185030353075 -2.8537598808175 -3.01313189775936 0.0900145674574342 -3.18955720805989 -2.83670658745884 -3.00892926673357 0.0889215930321049 -3.18321238652442 -2.83464614694272 -3.00630330685492 0.0911323135366382 -3.18513645930966 -2.82747015440017 -3.00646626686629 0.0910869153101362 -3.18521033228213 -2.82772220145044
98 -3.01417192573927 -2.78863785833486 0.0932393301373539 -2.98017647018664 -2.61449828071743 -2.79768842923726 0.094874134146827 -2.98363831522946 -2.61173854324505 -2.78814445755566 0.0949180762982369 -2.97418046858203 -2.60210844652929 -2.80741630173188 0.095607001382513 -2.99503034103865 -2.61980226242511 -2.80174319747752 0.0955361645707387 -2.98921823043333 -2.61426816452171
99 -3.01406467734891 -2.9960031666745 0.0940989750756611 -3.18333214597521 -2.81692762013852 -2.99452961739823 0.0936316247888119 -3.17804422979827 -2.8110150049982 -2.9991163605354 0.0939590648131021 -3.18327274359014 -2.81495997748065 -3.00094999980531 0.0942590137778266 -3.18591882070974 -2.81598117890089 -2.99830113648835 0.0942329400712759 -3.18321879175286 -2.81338348122384
100 -3.01419831219828 -3.09603996601659 0.0935478024868241 -3.27436526193983 -2.91492180151033 -3.1209679174393 0.0974708463139699 -3.31200726575732 -2.92992856912128 -3.11357003382638 0.0946875393413449 -3.29915420072013 -2.92798586693262 -3.12042241858832 0.0980332538913233 -3.31279760537356 -2.92804723180308 -3.12430639938621 0.0991504447644923 -3.3188739014764 -2.92973889729601
