1 -3.0165387336586 -2.88061892488846 0.0937286061793951 -3.05705158493575 -2.70526884423831 -2.87410927361018 0.0981939104718551 -3.06656580163617 -2.68165274558419 -2.8631932037804 0.0971633908955404 -3.05362995055145 -2.67275645700935 -2.77930474646468 0.112161111294365 -2.99941226622895 -2.55919722670041
2 -3.01243328985806 -2.94024575985074 0.0940922029368616 -3.11768149515856 -2.74950196012898 -2.95887376285101 0.101344569286932 -3.15750546868212 -2.7602420570199 -2.92247058904319 0.0981632714907516 -3.11486706576969 -2.73007411231669 -2.88487347769051 0.11097108319831 -3.10265202614273 -2.6670949292383
3 -3.01618112389259 -2.89544716146866 0.0910128271149316 -3.07386539068166 -2.71899641303805 -2.88654451868968 0.0973283610044287 -3.07730460093268 -2.69578443644669 -2.87891204446742 0.0956180759501839 -3.0663200296008 -2.69150405933404 -2.79442015516799 0.107773368530489 -3.00592440744848 -2.5829159028875
4 -3.01356991479171 -3.10945051874274 0.0967858152097372 -3.31160755885442 -2.92528189376177 -3.12913365492681 0.0972145890475335 -3.31967074823184 -2.93859656162178 -3.1093746683846 0.0954010791300823 -3.29635734756582 -2.92239198920338 -3.08581809467162 0.114909853106059 -3.31132578885579 -2.86031040048746
5 -3.01225137803593 -3.27502118344431 0.0923157285458894 -3.43946250377338 -3.08049527699717 -3.24810824825656 0.091002097086062 -3.42646908106286 -3.06974741545026 -3.24696377341084 0.0922579655611037 -3.42778606319754 -3.06614148362414 -3.13242991594516 0.100342847898899 -3.32934996271413 -2.93550986917619
6 -3.01485042596221 -2.98481915566095 0.0975637477157452 -3.18142624725714 -2.79411609572121 -2.98946653344913 0.0958423746811933 -3.17731413601706 -2.8016189308812 -2.97164697907054 0.0963421787832585 -3.16047417967784 -2.78281977846323 -2.77956290994446 0.106428574634 -2.98842830324179 -2.57069751664712
7 -3.00944348029623 -2.87582062864861 0.0947735165507889 -3.0577141681911 -2.6909603856797 -2.87099159983227 0.0936194989072605 -3.05448244594118 -2.68750075372335 -2.87915974722717 0.0942336410875952 -3.06385428989093 -2.69446520456341 -2.90478599107858 0.105730064637768 -3.11227802069934 -2.69729396145783
8 -3.01609787638918 -3.1273725463699 0.100067739062859 -3.33426892521246 -2.92450636533651 -3.10371587728462 0.10536377948293 -3.31022509034618 -2.89720666422306 -3.11311416342048 0.101669895517403 -3.31238349694654 -2.91384482989442 -3.0557881564584 0.111676078265878 -3.27494846680409 -2.83662784611271
9 -3.01679696298068 -2.98326612443876 0.089107162765903 -3.15737008989526 -2.81042707493016 -2.98375658426607 0.0895729698353482 -3.15931637913165 -2.8081967894005 -2.9805032942285 0.0901153176033505 -3.15712607118645 -2.80388051727054 -2.81428578307115 0.10681895846259 -3.02391416948107 -2.60465739666123
10 -3.01364100124187 -3.09258151527978 0.0972740928698344 -3.27694507944262 -2.90304655164669 -3.09029206330549 0.100407874228985 -3.28708788055853 -2.89349624605245 -3.06676741602495 0.0982474600793756 -3.25932889935306 -2.87420593269684 -3.00227485882348 0.113305813058165 -3.22463436399809 -2.77991535364887
11 -3.01321174191752 -3.0943372120067 0.102881050991804 -3.30438120760246 -2.8887708356346 -3.11309095355993 0.103951275305502 -3.31683170930572 -2.90935019781414 -3.10377060740314 0.102373448810087 -3.30441888004406 -2.90312233476221 -3.0388906650196 0.114512754059202 -3.26362028477014 -2.81416104526905
12 -3.01819041229149 -2.9666517473292 0.10023270293338 -3.16652988787584 -2.76565917445686 -2.96240397219263 0.100509048515139 -3.1593980874027 -2.76540985698257 -2.95852723815831 0.0986529040720438 -3.1518833771098 -2.76517109920682 -2.91679332976169 0.10933921082982 -3.13136618825099 -2.7022204712724
13 -3.01332393417452 -3.10484141961168 0.0951349668623111 -3.29176257293506 -2.92092380491001 -3.12252926004341 0.0938444301031264 -3.30646096319522 -2.9385975568916 -3.12199390201194 0.0941986223394374 -3.30661980919053 -2.93736799483336 -2.99597444401084 0.106669543989886 -3.20530960986076 -2.78663927816091
14 -3.01599190687467 -2.89428135678051 0.101924346351614 -3.10550116047455 -2.70915366124432 -2.90046325850446 0.103072593672783 -3.10248182989625 -2.69844468711268 -2.88447789097744 0.102014718182968 -3.08442306450906 -2.68453271744582 -2.86962943859933 0.113780762939436 -3.0929189230766 -2.64633995412205
15 -3.01426021774119 -3.10556540276756 0.0925309344186903 -3.28883064305751 -2.9313665708542 -3.12137887328397 0.08976628200145 -3.29731755303288 -2.94544019353506 -3.11286541048838 0.0908946430846168 -3.29101563732185 -2.93471518365491 -3.0209777180738 0.104051703380841 -3.22517546533576 -2.81677997081184
16 -3.01526821206372 -3.07691088148044 0.0979481823377039 -3.27665603410981 -2.8818071200898 -3.04763173150789 0.106688694102049 -3.25673772950552 -2.83852573351026 -3.06093509966885 0.106501644083091 -3.26967448636602 -2.85219571297169 -3.04109377386621 0.11209444655149 -3.26107541270983 -2.82111213502259
17 -3.01706922319153 -2.94247870610934 0.108463034211957 -3.16613727604662 -2.74376345214417 -2.96786706707564 0.109562819643039 -3.18260624762065 -2.75312788653062 -2.94817554083387 0.106590175461844 -3.15708844584489 -2.73926263582285 -2.92195110916209 0.125423099035753 -3.16808879658369 -2.67581342174049
18 -3.0130702859239 -3.12422322953135 0.0997415729529571 -3.31502782981945 -2.91884689654713 -3.13230200998837 0.103671591716682 -3.33549459597301 -2.92910942400373 -3.11304907951085 0.102108321102685 -3.31317771139396 -2.91292044762774 -3.04438221504019 0.112377925534552 -3.26492438889537 -2.82384004118502
19 -3.01128432162359 -2.92441148198218 0.106075905237408 -3.1362475244311 -2.72523424267063 -2.92845289154593 0.105641218518377 -3.13550587512488 -2.72139990796699 -2.90483147815861 0.105838092541077 -3.11227032773154 -2.69739262858568 -2.79966711751038 0.1183055656537 -3.03183881209166 -2.56749542292911
20 -3.01613521350153 -2.92139302043388 0.0942725497149773 -3.09903350902323 -2.73798511441895 -2.91310189432889 0.0942137652989594 -3.09775748116276 -2.72844630749502 -2.92399265245664 0.0941753679553382 -3.10857298187991 -2.73941232303336 -2.79863009406966 0.0992949820211372 -2.9934916443243 -2.60376854381501
21 -3.01406273523743 -3.10891424137666 0.100959546547217 -3.29621019484278 -2.90853247529986 -3.09546010404521 0.0990284941146927 -3.28955238595324 -2.90136782213717 -3.0836359483963 0.0995894700172427 -3.27882772286953 -2.88844417392307 -3.04106304830283 0.111789690707957 -3.2604480977467 -2.82167799885896
22 -3.00885461294067 -2.95250669303468 0.0964015735302478 -3.13683780793965 -2.76856151154792 -2.93193810700638 0.0961471079505536 -3.12038297580715 -2.74349323820561 -2.92411691625917 0.096602835318894 -3.11345499428866 -2.73477883822969 -2.84749835815333 0.101111794330946 -3.04592851800333 -2.64906819830333
23 -3.01758374959431 -3.08553866673162 0.0995835297497868 -3.28399215116508 -2.89004835761193 -3.0994512970771 0.102716628551932 -3.30077218965227 -2.89813040450194 -3.08659450675086 0.100970692615598 -3.2844934277715 -2.88869558573023 -3.02526248731789 0.115131092395508 -3.25120344305816 -2.79932153157762
24 -3.01086251242115 -2.98993639394516 0.0925824797430839 -3.18163923115232 -2.8094794566245 -2.98872936075243 0.0903362157482251 -3.1657850901186 -2.81167363138627 -2.97992200447623 0.090198466901075 -3.15670775106307 -2.8031362578894 -2.8819468219209 0.103075709516922 -3.08422679451573 -2.67966684932608
25 -3.01487080213179 -3.07644332968139 0.0918940023653828 -3.25493966727175 -2.90280983880364 -3.10761848216839 0.0933483708580622 -3.29057792706568 -2.9246590372711 -3.08599620150587 0.0919079207965974 -3.26613241616116 -2.90585998685058 -2.98990110806765 0.109848513287688 -3.2054778129979 -2.7743244031374
26 -3.01273609450743 -2.93038139975095 0.0889994091582414 -3.11394968557893 -2.75982741179867 -2.92201169455688 0.0896430617586123 -3.09770886706766 -2.7463145220461 -2.91522928581632 0.089623415337599 -3.09088795204949 -2.73957061958316 -2.79066910088363 0.101392393471235 -2.98965102103576 -2.5916871807315
27 -3.01149593650649 -3.25295063760088 0.101150972176998 -3.44873068678222 -3.06541662314466 -3.25464886787396 0.102052696633555 -3.45466847780092 -3.054629257947 -3.23072853479065 0.101069766368961 -3.42882163679969 -3.03263543278161 -3.12252253287826 0.112992982122167 -3.34426901784208 -2.90077604791444
28 -3.0154453680072 -3.08711674879034 0.0992857821439291 -3.29019036790796 -2.90029447270773 -3.09925840293744 0.10318920031554 -3.30150551914939 -2.89701128672549 -3.07610946449494 0.102092557489106 -3.27620720026317 -2.87601172872671 -2.97365820379601 0.11769653230126 -3.20463816685783 -2.74267824073418
29 -3.01459645011022 -2.91805692250803 0.111236402835156 -3.12775849636442 -2.69729742339366 -2.92654856440097 0.111135346419493 -3.14436984079256 -2.70872728800938 -2.92153980565375 0.11012250739824 -3.13737595404155 -2.70570365726595 -2.93369363340658 0.120934505292391 -3.17102455585253 -2.69636271096063
30 -3.01453296291905 -2.69304313572671 0.100413851682961 -2.88966917550219 -2.48987603355002 -2.68073116560958 0.100633022252374 -2.87796826487965 -2.4834940663395 -2.67328144964792 0.0989466337790314 -2.8672132882463 -2.47934961104955 -2.5208723952734 0.112531155995061 -2.74171017326203 -2.30003461728476
31 -3.01923805861863 -3.14485269441183 0.0866563223210776 -3.31026395784035 -2.97610279578819 -3.1618246884454 0.0893618285856646 -3.33697065406594 -2.98667872282486 -3.15792156086148 0.088457892507819 -3.33129584432512 -2.98454727739784 -3.11480326313302 0.0988342466440734 -3.30876219882973 -2.92084432743632
32 -3.01530785724403 -3.12711986435781 0.0958285461667341 -3.30814394718766 -2.94029423075892 -3.1202911305404 0.0970416396391261 -3.3104892492338 -2.930093011847 -3.12678695693375 0.0955461002648016 -3.31405387231602 -2.93952004155149 -3.10227900196235 0.102943962044779 -3.30430284646228 -2.90025515746241
33 -3.01435451030965 -3.0079030729873 0.10361354337032 -3.20689201352446 -2.81154532423526 -3.00677947541688 0.109143463134834 -3.22069673230913 -2.79286221852463 -2.99265392698495 0.106753308533578 -3.20188656694125 -2.78342128702864 -2.9222254974181 0.119052303932931 -3.15586233102728 -2.68858866380892
34 -3.0152171851343 -3.01653203826511 0.101153221115193 -3.2007412929541 -2.81756061399369 -3.0151570755858 0.101403352093709 -3.2139039936011 -2.81641015757049 -3.0149337874019 0.101264984028052 -3.2134095089919 -2.81645806581189 -3.06553839063669 0.119004869664943 -3.29908056617238 -2.831996215101
35 -3.01141068749661 -3.14805267219711 0.0921400543646569 -3.31557535940654 -2.95192911449071 -3.13753613780482 0.0962420750869759 -3.32616713877269 -2.94890513683695 -3.13649053902054 0.0952955591475475 -3.32326640283634 -2.94971467520474 -3.06689723888092 0.110714166468361 -3.28416895923324 -2.84962551852861
36 -3.01675177135677 -3.12018121097869 0.104548182275139 -3.32816403339901 -2.9223430650299 -3.13265088286752 0.104890468854641 -3.33823242414414 -2.9270693415909 -3.11143446513252 0.103892360382689 -3.31505974975144 -2.90780918051359 -3.02489144484343 0.119016655927259 -3.25845832023346 -2.79132456945341
37 -3.01430913387486 -3.0173546557759 0.0935830074513738 -3.19873156641222 -2.82534802134976 -2.99571216457531 0.100778821622454 -3.19323502535971 -2.79818930379092 -2.99430882659881 0.0966430623220068 -3.18372574810561 -2.80489190509202 -2.91867396750535 0.103801865641301 -3.12238418160683 -2.71496375340387
38 -3.01414699738995 -3.1410779632966 0.0907559180867381 -3.31519555003121 -2.97536372154415 -3.17225574760258 0.0963532996182521 -3.36110474464595 -2.9834067505592 -3.16108795093573 0.0955635866908218 -3.34838913908321 -2.97378676278825 -3.10955078519742 0.0994852484887186 -3.30478443377599 -2.91431713661885
39 -3.01489651436063 -2.98572724091117 0.0974944568271958 -3.18555538170174 -2.80022709176778 -2.98577645851651 0.100366802460782 -3.18249177658309 -2.78906114044993 -2.96348558653081 0.1002130121716 -3.15989948116942 -2.7670716918922 -2.88232760513495 0.120607175828709 -3.11901679413709 -2.6456384161328
40 -3.0168204484334 -3.13889666052472 0.0994550994187723 -3.33621488204167 -2.93882910001749 -3.14407577341547 0.104390643404564 -3.34867767481138 -2.93947387201956 -3.14042602030645 0.105721361221826 -3.34763608069778 -2.93321595991512 -3.05994353222569 0.114516483302969 -3.28467773444078 -2.8352093300106
41 -3.01300457848988 -3.06949301876771 0.0957211215859929 -3.25394806657761 -2.8803584322298 -3.07914743435637 0.0989799070496078 -3.27314448736672 -2.88515038134602 -3.06052051212288 0.0976876727404698 -3.25198483242773 -2.86905619181802 -2.99869508991629 0.10832423344242 -3.21127638764083 -2.78611379219175
42 -3.01444103001595 -2.9683288763913 0.0980435315588272 -3.15745079615982 -2.77639350201673 -2.98056112436713 0.0943844791724 -3.16555130424461 -2.79557094448966 -2.97283945219609 0.0940895964815857 -3.15725167261991 -2.78842723177228 -2.91096291743537 0.105904158266167 -3.11879632053839 -2.70312951433235
43 -3.01243358956387 -3.07006321918399 0.111055540597658 -3.28393024177731 -2.8530099187001 -3.04804540303468 0.117801719278957 -3.27893253013834 -2.81715827593103 -3.03866061638116 0.113889724964115 -3.26188037552 -2.81544085724232 -2.94521139704769 0.124395632398855 -3.18933305010472 -2.70108974399067
44 -3.01436659203095 -3.05435315231088 0.102388378800466 -3.25815080323836 -2.8562444851923 -3.04499411639723 0.100719067110587 -3.24239986049045 -2.84758837230401 -3.01468050238146 0.1008821386569 -3.21240586083236 -2.81695514393056 -2.89391039928145 0.115764708253069 -3.12109572517302 -2.66672507338989
45 -3.01186251987514 -3.23880309443012 0.0969022890245122 -3.4421328739348 -3.0566279432603 -3.2204802867113 0.0977684420307043 -3.41210291191607 -3.02885766150653 -3.21794920330113 0.0973155682240967 -3.40868421215541 -3.02721419444685 -3.11531957346284 0.106922225630247 -3.32515090004997 -2.9054882468757
46 -3.01087270704175 -2.95096030527933 0.0933968852925579 -3.13975198911955 -2.77592261092618 -2.94930455178842 0.0922158433571537 -3.13004428357243 -2.76856482000442 -2.93217687210074 0.093918590630744 -3.11625392721576 -2.74809981698572 -2.95903863362759 0.101887568550843 -3.1589893436696 -2.75908792358557
47 -3.01764709102099 -3.26540909324302 0.0994744359248981 -3.45567990714152 -3.07442364666906 -3.25101422447828 0.097387311355451 -3.44188984728615 -3.06013860167041 -3.23589272218578 0.0964331350304924 -3.42489819376183 -3.04688725060973 -3.19077372026532 0.108319554348344 -3.40334754452576 -2.97819989600489
48 -3.01532752591133 -3.10097600865641 0.0951065767406215 -3.280423278442 -2.91809765995394 -3.06661260341914 0.0983771261665541 -3.25942822760814 -2.87379697923014 -3.07062152695807 0.0961743269255006 -3.25911974396943 -2.88212330994671 -2.8762358261485 0.107171202500349 -3.08655804493621 -2.66591360736078
49 -3.01213318426308 -3.06441853673081 0.0986028483596537 -3.26359277750195 -2.87606342032598 -3.09713936780471 0.106881126389327 -3.30662252615486 -2.88765620945455 -3.04036608424301 0.104505676721794 -3.24519344679771 -2.8355387216883 -3.02248440826573 0.115731664630773 -3.24960830986953 -2.79536050666193
50 -3.01591072210778 -3.15662692722682 0.0950236213284995 -3.33504138920989 -2.97163041954512 -3.15547022661722 0.0961560918434953 -3.3439327035246 -2.96700774970985 -3.1588124961842 0.0964513680973082 -3.34785370391454 -2.96977128845386 -3.08108545050046 0.106278747309445 -3.28965738319969 -2.87251351780122
51 -3.01950833260611 -3.04697657414873 0.095204995251606 -3.23712392275817 -2.86594358150737 -3.04072747521862 0.097166693469743 -3.23117069491616 -2.85028425552108 -3.0366739999271 0.0967499230056624 -3.22630036452523 -2.84704763532898 -2.97547125536299 0.104135156930491 -3.17983527058766 -2.77110724013832
52 -3.01280149522253 -3.04709397394948 0.0893473059611142 -3.21435409088118 -2.87083649918273 -3.04878472902869 0.0927825321891747 -3.2306351505139 -2.86693430754348 -3.05286918438368 0.0923305684884922 -3.23383377329324 -2.87190459547413 -3.04743446661815 0.102536955525135 -3.24866120689488 -2.84620772634143
53 -3.00902087171157 -2.92188721497434 0.0985008460603053 -3.10517563811302 -2.71623510902749 -2.94956288126641 0.0955850901409714 -3.13690621540173 -2.7622195471311 -2.91504636604771 0.0936395145763074 -3.09857644214709 -2.73151628994834 -2.86382575269025 0.103820251603757 -3.06757038307607 -2.66008112230443
54 -3.01560640381869 -3.20848278775873 0.0997147991379542 -3.3965990200385 -3.00746421929893 -3.20446529246862 0.103059231774582 -3.40645767502117 -3.00247290991607 -3.20270811493776 0.100731129491941 -3.40013750086401 -3.00527872901152 -3.10487868852479 0.112360480824062 -3.3253833037789 -2.88437407327068
55 -3.01186130436513 -2.9629585266446 0.0943821593593374 -3.1425256237152 -2.77784592377253 -2.97770321561029 0.0943364590723661 -3.16259927782116 -2.79280715339942 -2.95587592334692 0.0946854761868296 -3.14145604653213 -2.77029580016171 -2.88882254451796 0.107677983890712 -3.10013588905449 -2.67750919998143
56 -3.01316714549844 -3.06670530574648 0.101549748550933 -3.26883115610967 -2.87529435999186 -3.06452246996937 0.100308984041905 -3.26112446601731 -2.86792047392144 -3.06564722973931 0.100652101678641 -3.26292172399771 -2.86837273548091 -3.05266616899864 0.110755827025648 -3.27001993670286 -2.83531240129442
57 -3.01312499710935 -3.05149606891606 0.0944210954001953 -3.23646805299744 -2.87938235080838 -3.0606473284703 0.100499309638073 -3.25762235583206 -2.86367230110853 -3.0395756381843 0.0962140030959812 -3.22815161906085 -2.85099965730775 -3.03821530042245 0.107489903924214 -3.24916039330952 -2.82727020753539
58 -3.01730772043326 -2.93246646424626 0.0977425606429846 -3.11241526748973 -2.72851938125329 -2.93318223429816 0.0980212958841406 -3.12530044394902 -2.7410640246473 -2.94015395845027 0.0995018785083677 -3.13517405672075 -2.74513386017979 -2.79586961814147 0.113134388403765 -3.01789543332457 -2.57384380295837
59 -3.01374242685169 -3.07918822797461 0.0983952058039008 -3.26906395319606 -2.87066053994918 -3.10288150027627 0.0998929263324359 -3.29866803819816 -2.90709496235438 -3.09133868780703 0.100035255865882 -3.28740418648841 -2.89527318912565 -3.05322604784836 0.112664783676128 -3.27432844987523 -2.83212364582149
60 -3.01280118271397 -3.04686790619814 0.0961288174993844 -3.2376347658568 -2.8689824744121 -3.04295203503078 0.0983797166922278 -3.2357727365568 -2.85013133350476 -3.03381329452438 0.0967247841776536 -3.22339038792499 -2.84423620112377 -2.97225139701285 0.107689246875107 -3.18359143366446 -2.76091136036124
61 -3.01296732713522 -3.06871034641288 0.09608419669119 -3.25215881185962 -2.88274007940431 -3.0794414957063 0.100452140701106 -3.27632407365042 -2.88255891776218 -3.08119322291578 0.100514467433422 -3.27819795901051 -2.88418848682105 -3.06593717434817 0.11397806354476 -3.28961595239606 -2.84225839630028
62 -3.01253328396548 -3.07397336026482 0.097913526084307 -3.27231327541667 -2.90008479743568 -3.08409671666953 0.100810642867797 -3.28168194594874 -2.88651148739032 -3.05687047712979 0.0992096679491577 -3.25131785322831 -2.86242310103126 -2.96882965370346 0.112541391207872 -3.18968870413596 -2.74797060327096
63 -3.01042501180381 -3.0310455994483 0.0965660408887629 -3.21530366395493 -2.84402750182847 -3.0169400633529 0.100800580146477 -3.21450557006074 -2.81937455664507 -2.99894191678741 0.0996676469615131 -3.19428691525583 -2.80359691831899 -2.89645670887777 0.112515330568217 -3.11726491416255 -2.67564850359299
64 -3.01361644783217 -3.10439096714378 0.0984522752348437 -3.29878010685904 -2.92416776148747 -3.07628161886345 0.100799420308591 -3.2738448523308 -2.87871838539609 -3.07922919521859 0.0995431011592652 -3.27433008840017 -2.884128302037 -2.95357509264638 0.110907727078888 -3.17122695797465 -2.73592322731811
65 -3.01486049849151 -3.00694547399704 0.105887597737546 -3.21748089392043 -2.80207457968992 -3.01739055598031 0.106478047326453 -3.2260836938843 -2.80869741807631 -2.99612002887497 0.108424828298424 -3.20862878736982 -2.78361127038012 -2.94353911179926 0.122933670527687 -3.18479075406182 -2.7022874695367
66 -3.01677336556681 -3.07666955386723 0.104253968138489 -3.28889580280121 -2.88233208824346 -3.04598285926591 0.10486167581178 -3.25150796721552 -2.84045775131631 -3.04676363964297 0.10586823392567 -3.25426156524415 -2.8392657140418 -2.91716442975217 0.122886842582635 -3.15832225972361 -2.67600659978074
67 -3.01758374706301 -2.97083374103208 0.0975570561471703 -3.16010697136007 -2.77075775494826 -2.97804579343909 0.100169169589213 -3.17437375819523 -2.78171782868295 -2.96649249709942 0.100404351516902 -3.16328140996365 -2.76970358423519 -2.88867082239335 0.116443575525229 -3.11718902843043 -2.66015261635626
68 -3.01161406465656 -3.03366704014553 0.0988127086723711 -3.21036020986451 -2.8285610115383 -3.04103607399052 0.101980694290256 -3.24091456191781 -2.84115758606323 -3.02545060626339 0.101010161576406 -3.22342688502572 -2.82747432750106 -2.93765687829338 0.113623628290028 -3.16063918592205 -2.71467457066471
69 -3.01204581865669 -2.92037392408266 0.0943645313454182 -3.12451068728468 -2.74473206569835 -2.91106836988497 0.0950701722049083 -3.09740248341061 -2.72473425635932 -2.92937217249617 0.0934313963649915 -3.11249434439684 -2.7462500005955 -2.83636653403363 0.101507317853436 -3.03557128344789 -2.63716178461937
70 -3.02147726995673 -2.97909017905945 0.0934027590015829 -3.17266819630141 -2.80631826753576 -2.98424360763126 0.0977937058916403 -3.17591574909358 -2.79257146616895 -2.9909372129651 0.095928933770722 -3.17895446823104 -2.80291995769916 -2.97410812850922 0.108939708681997 -3.18789841139213 -2.76031784562632
71 -3.01042432610838 -3.00925994005629 0.104266702239631 -3.22164219897436 -2.80587015480546 -3.00687339760655 0.105596892902675 -3.21383950457512 -2.79990729063797 -2.9913786685096 0.104378332066 -3.19595644012532 -2.78680089689388 -2.83918477816488 0.117639605543426 -3.07004860787721 -2.60832094845256
72 -3.01554503279502 -3.0401544381837 0.100234513566438 -3.23920098704323 -2.85428869992263 -3.02325538861776 0.103724155710472 -3.22655099813711 -2.81995977909841 -3.01379354962796 0.100778082260987 -3.21131496129051 -2.81627213796541 -2.8172894123017 0.111859009036341 -3.03680812945306 -2.59777069515033
73 -3.00943785099885 -2.97513190535037 0.102226516642655 -3.18639156988766 -2.7852539397175 -2.95362324916081 0.106117011411265 -3.16160876967392 -2.74563772864771 -2.94704635699354 0.103566728771719 -3.15003341538274 -2.74405929860435 -2.81286214716472 0.126886279457282 -3.06187565461814 -2.5638486397113
74 -3.01652898424072 -2.94769650980641 0.0933938866203742 -3.13276197815961 -2.75706652000817 -2.93595189435351 0.0930998759430078 -3.11842429816695 -2.75347949054007 -2.91158568841291 0.0923409971891806 -3.09257071720022 -2.7306006596256 -2.87674805141898 0.104200029166779 -3.08123416554404 -2.67226193729393
75 -3.0150021153808 -3.15792732108454 0.100679828607078 -3.35324809020979 -2.96477954077851 -3.18209725443747 0.102929147400931 -3.38383467630271 -2.98035983257223 -3.17086731444446 0.102464238496491 -3.37169353160091 -2.97004109728802 -3.09599429278944 0.121302311024551 -3.33404415084454 -2.85794443473434
76 -3.00975403835654 -2.96822023985933 0.0966460995185576 -3.1471501329702 -2.77831096919932 -2.97163362085749 0.0958589540921154 -3.15951371847371 -2.78375352324126 -2.96959860692446 0.0943342978485644 -3.15449043321452 -2.7847067806344 -2.97582783805932 0.102824667677383 -3.1776170308522 -2.77403864526644
77 -3.01485047935557 -3.00516151520698 0.0947178710463801 -3.18046336432362 -2.81794422941388 -2.99156641647829 0.0942858955358899 -3.17636337597874 -2.80676945697784 -2.97877211154397 0.0919725500810508 -3.15903499726913 -2.7985092258188 -2.92851522167462 0.1075645967914 -3.13960774968608 -2.71742269366316
78 -3.01562993990459 -3.12178178731011 0.0954132084089776 -3.30893277135812 -2.92971842902676 -3.1276472779689 0.0944462137927875 -3.31275845547893 -2.94253610045886 -3.12229973270402 0.093977906350396 -3.30649304449327 -2.93810642091477 -3.0491791478975 0.111103630306678 -3.26721343938041 -2.83114485641459
79 -3.01484320042043 -3.08161264774692 0.0922376559381743 -3.25847271059556 -2.90854032533226 -3.07439481373787 0.093229267403032 -3.25712082015287 -2.89166880732288 -3.0863574670898 0.0925543793943209 -3.26776071731412 -2.90495421686547 -3.01214544020261 0.10550199862863 -3.21918989723097 -2.80510098317425
80 -3.01719557898336 -2.94586508732128 0.0987524528400737 -3.13929058695334 -2.74865855542602 -2.97386752321787 0.0991832848579741 -3.16826318940788 -2.77947185702786 -2.96677201155419 0.0994715621054354 -3.16173269076678 -2.7718113323416 -2.83454886837675 0.112551076718447 -3.05542872478449 -2.61366901196901
81 -3.01415727976092 -3.12036334121759 0.0907744371323496 -3.31306530004592 -2.94624772234401 -3.11731618244228 0.0918279631904436 -3.29729568306922 -2.93733668181534 -3.11257169463365 0.0919772715569645 -3.29284383428156 -2.93229955498574 -3.07131205398157 0.102798670563561 -3.27305185729147 -2.86957225067167
82 -3.01409030736842 -3.09104995049647 0.0885986728144742 -3.27421292640719 -2.91144844775603 -3.07800465678317 0.0899181590948369 -3.25424101016519 -2.90176830340114 -3.07526274104504 0.0898664869985211 -3.25139781897928 -2.89912766311081 -2.93984210477946 0.0952292058553565 -3.12672476797934 -2.75295944157959
83 -3.01300100990607 -3.13677984397281 0.0894822697650189 -3.31072025487661 -2.96559367484641 -3.15930633900052 0.0897513677950413 -3.33521578744201 -2.98339689055903 -3.15163912134026 0.0914315768629064 -3.33084171904127 -2.97243652363926 -3.0004635764587 0.10616928304716 -3.20881560657026 -2.79211154634715
84 -3.01466013747263 -3.11078906757412 0.0928724731353889 -3.29414356252601 -2.92777962441037 -3.0942930047368 0.0948917890832281 -3.28027749376849 -2.9083085157051 -3.09651909611776 0.0942440092340149 -3.28123395997509 -2.91180423226043 -2.90872668620559 0.10755697356215 -3.1198048255096 -2.69764854690158
85 -3.01593164625289 -3.0795946766338 0.0981794454896247 -3.28345889115345 -2.89605531498889 -3.06671607821919 0.0987268120793325 -3.26021707420314 -2.87321508223525 -3.05709765101947 0.097464240326539 -3.24812405184004 -2.86607125019889 -2.94790578468512 0.108867698585337 -3.16155619234022 -2.73425537703001
86 -3.0123282876991 -3.05708872201348 0.0997988709877799 -3.24472969337275 -2.85576001969489 -3.05190900056292 0.100088587243846 -3.24807902682435 -2.85573897430148 -3.04242494523553 0.0999660334031631 -3.23835477038305 -2.846495120088 -2.97356661942831 0.110712682143352 -3.19083600789489 -2.75629723096173
87 -3.01140227324071 -3.13137617931866 0.0940849239511227 -3.32662938601699 -2.95641401347803 -3.12938975243616 0.0938346736972024 -3.31330233338374 -2.94547717148857 -3.11359651285098 0.0921843094443882 -3.29427443930168 -2.93291858640029 -2.99059790623323 0.110477800304974 -3.20740869195264 -2.77378712051381
88 -3.01369954615401 -3.08638972887677 0.0949371040770207 -3.26611559579739 -2.89985694144208 -3.07003557521105 0.0946467719568879 -3.25553983949953 -2.88453131092258 -3.07377441695994 0.0941386980387913 -3.25828287466746 -2.88926595925242 -2.95818457439674 0.105338392264089 -3.16490574755522 -2.75146340123827
89 -3.01232247586686 -2.89583165331285 0.0994784218443066 -3.1027794865725 -2.70939208178331 -2.92068282051002 0.101247804505734 -3.11912487085501 -2.72224077016503 -2.90769240642081 0.0986862500702662 -3.10111390232785 -2.71427091051378 -2.85295526364627 0.114046059781064 -3.07676597817864 -2.62914454911389
90 -3.01321854992483 -2.8809275964612 0.09497265593023 -3.08345674448484 -2.70066529918416 -2.89700015444234 0.0977559044113643 -3.08859820636476 -2.70540210251993 -2.88474994157807 0.0988541390273149 -3.07850049379432 -2.69099938936181 -2.81143265750146 0.112207770927532 -3.0316361003108 -2.59122921469212
91 -3.01356662406037 -3.00571463876296 0.0942802539712081 -3.18599024663606 -2.81765692693709 -2.98827105604488 0.0917530453690426 -3.16810372044008 -2.80843839164969 -2.97379035229452 0.0934420116549796 -3.15693332978125 -2.79064737480778 -2.91396524088222 0.101878244270752 -3.11390036559755 -2.71403011616689
92 -3.01970067063303 -3.06939692415948 0.0945943908130957 -3.2590266143851 -2.89593806872756 -3.06506473546736 0.0945822387519796 -3.25044251699841 -2.87968695393631 -3.06027826262184 0.0931363952256188 -3.24282224291394 -2.87773428232974 -2.96217534799454 0.103248508191841 -3.1647973987181 -2.75955329727097
93 -3.01863638913041 -3.03365294284015 0.0902935924359031 -3.21543482803312 -2.84947448769434 -3.03061552609761 0.0886912080466279 -3.20444709961435 -2.85678395258087 -3.01014454347141 0.0907520316319533 -3.18801525699388 -2.83227382994894 -3.01795890463603 0.098936029702215 -3.21212049383575 -2.82379731543631
94 -3.01536631912023 -3.21468721467249 0.0985448897691345 -3.41007533496475 -3.02931650144932 -3.23367719267974 0.101787296551202 -3.43317662800379 -3.03417775735569 -3.21313299828224 0.0996269237935653 -3.40839818080815 -3.01786781575634 -3.12852993743268 0.112976478630831 -3.35024494204301 -2.90681493282236
95 -3.01009770430592 -3.03802686375676 0.0948861194768972 -3.23178027946469 -2.85530338925067 -3.02958222158229 0.0978446329475756 -3.22135417824008 -2.8378102649245 -3.03601851759851 0.0976591202590253 -3.22742687606806 -2.84461015912895 -2.90814155860354 0.113342057017493 -3.13056980714059 -2.68571331006649
96 -3.01418648960235 -3.08415910284977 0.094513516781989 -3.2711550215085 -2.9017017534842 -3.09546148602681 0.0975470792595318 -3.28665024817257 -2.90427272388106 -3.0898114080015 0.0967336073168386 -3.27940579443714 -2.90021702156585 -3.01311518856489 0.110695314564133 -3.23035195694982 -2.79587842017995
97 -3.01217921072486 -3.03303052839804 0.0878148661520516 -3.19999645342219 -2.86755214391692 -3.02713311026949 0.0927458006193344 -3.20891153920071 -2.84535468133826 -3.00315810309538 0.0913189641208014 -3.18213998387766 -2.8241762223131 -2.88504607498333 0.104211069237827 -3.08955358593195 -2.6805385640347
98 -3.01384985555593 -2.8369743370709 0.0971501169164963 -3.03157915898192 -2.66501016825626 -2.84944557996908 0.0990262679120859 -3.04353349860019 -2.65535766133798 -2.83903975249017 0.0990016956505567 -3.03307951037366 -2.64499999460669 -2.73798413354062 0.111210516995407 -2.95623197372814 -2.5197362933531
99 -3.01392272397774 -3.02336174287577 0.0985473687462736 -3.21599659824022 -2.83003581921428 -3.02079008252382 0.0990280148284974 -3.21488142504818 -2.82669873999947 -3.00933720639805 0.0983296632414973 -3.20205980496333 -2.81661460783276 -3.05486849730487 0.108937309893357 -3.26865236107816 -2.84108463353158
100 -3.01433098394495 -3.08353178491772 0.100472931239882 -3.27423086899745 -2.89522832000989 -3.11542957915997 0.102408942699843 -3.31614741854649 -2.91471173977346 -3.10537359813934 0.0998353686946162 -3.30104732516406 -2.90969987111461 -3.0077333024776 0.115742666730114 -3.23487414727354 -2.78059245768166
