1 0.753570799069517 0.828542121085183 0.129436969076924 0.597718404553845 1.11507024860841 0.713009425175594 0.194113586382825 0.487377511861205 1.04309786154846 0.7050976876406 0.190307171764913 0.485578592717297 1.02385639847506 0.83250081218548 0.0787170119303328 0.688546954967764 0.996058240973891 0.83250081218548 0.0787170119303328 0.688546954967764 0.996058240973892
2 0.762904785941122 0.786639782031511 0.120323345781498 0.581870802361563 1.05146408068166 0.79171415772239 0.195613097766407 0.539587947544436 1.16164808793557 0.778257845284034 0.191569030879552 0.534637789623319 1.1328890054197 0.741997064545813 0.0669985667976192 0.619138191737784 0.875358836612491 0.741997064545813 0.0669985667976192 0.619138191737784 0.875358836612491
3 0.750717151757609 0.822085120699336 0.123227977216297 0.594646099144362 1.08676780663082 0.763309145520551 0.190432683277194 0.525537695081985 1.10865663317342 0.750493566004974 0.189026834049299 0.518139904263515 1.08704345675798 0.60675875737041 0.0575757762001899 0.495527536196204 0.72663464733338 0.60675875737041 0.05757577620019 0.495527536196203 0.72663464733338
4 0.756037865657029 0.741245067234719 0.113630433548669 0.53541962363225 0.976096333538088 0.685329374644115 0.189964259178673 0.47228208994461 0.994482665656829 0.688000005603702 0.190019915546713 0.474070789395903 0.998466934260735 0.760000832478354 0.065528931759271 0.637757231045693 0.889044875231255 0.760000832478354 0.065528931759271 0.637757231045693 0.889044875231255
5 0.761413424882838 0.830088221804818 0.129546769760679 0.584006679373902 1.08372805963874 0.822469209836352 0.191171269592232 0.565450208929572 1.19631329239298 0.821288144637854 0.190811269358345 0.565036765087687 1.19375279309128 0.650512344478927 0.0606702946847814 0.542299996585688 0.77676037151542 0.650512344478927 0.0606702946847814 0.542299996585688 0.77676037151542
6 0.755675053792311 0.985502784476953 0.150561492498441 0.72254524695625 1.30324769685744 0.931064715293147 0.186498425189514 0.645999409638202 1.34192305926319 0.929045143919575 0.186027392769417 0.6451935451398 1.33777668103224 0.68960562640814 0.0624499316144328 0.569885720267782 0.819139035041231 0.68960562640814 0.0624499316144328 0.569885720267782 0.819139035041231
7 0.76006474147568 0.846449794992779 0.130056737158611 0.613625638127757 1.12190315002368 0.837432696620091 0.191732722895356 0.575104444374406 1.21941940847155 0.834287529847094 0.190894099318994 0.573887017559193 1.21284444701099 0.620351027233484 0.0524633068546698 0.520175485745156 0.723721443116392 0.620351027233484 0.0524633068546698 0.520175485745155 0.723721443116392
8 0.757479142202738 0.977121539329717 0.144480248853898 0.718528726867647 1.28555693373612 0.893183727905109 0.189647058794999 0.615903870539786 1.29529494772502 0.923476813845967 0.188156719010831 0.63865557307494 1.33531978998487 0.681917908683743 0.0639791223946923 0.560519590911505 0.806920444148444 0.681917908683743 0.0639791223946923 0.560519590911505 0.806920444148444
9 0.755095947412262 0.921146080094795 0.14506024695735 0.661785129400002 1.24582052126197 0.891006633224664 0.189501858711175 0.61457750873489 1.29177005205508 0.876432912407104 0.189246534655308 0.604827787642373 1.27000555471269 0.619263487890024 0.0561124075546937 0.513505705346141 0.731325406894815 0.619263487890024 0.0561124075546937 0.513505705346141 0.731325406894815
10 0.760660427774978 0.806786848683063 0.123943893441756 0.588062703509033 1.07147159533704 0.689860184900005 0.192609277628281 0.472946228040325 1.0062604298214 0.695350554354018 0.191242435369782 0.477989051546163 1.01155537323797 0.715594082458783 0.0660289537227325 0.602281805417925 0.852897636968796 0.715594082458783 0.0660289537227324 0.602281805417925 0.852897636968796
11 0.757951069926316 0.934768043609331 0.145353255874749 0.671162341367171 1.25585917551054 0.857682142501022 0.193553895431028 0.586912005683125 1.25337128980508 0.850742159341952 0.19253722117442 0.583324174915644 1.2407547171973 0.655717543987448 0.0593220274593214 0.549374702170233 0.781920077509574 0.655717543987448 0.0593220274593214 0.549374702170232 0.781920077509574
12 0.755095360602576 0.724235144149665 0.108405170468063 0.518031060823684 0.941257068938207 0.610056688198702 0.191415902608728 0.419214871859426 0.887776621962895 0.611035732156486 0.190338020748849 0.420775641399402 0.887324809797186 0.746077890543694 0.0697315113195113 0.618001197823363 0.898179396854676 0.746077890543694 0.0697315113195113 0.618001197823363 0.898179396854676
13 0.757687454514786 0.849011361743867 0.132731234935035 0.621140248594929 1.12133026042955 0.701529785768051 0.195644944655943 0.478093496850259 1.0293886939732 0.70683392833517 0.196490275122542 0.480910835373845 1.03889154807116 0.657374855115705 0.0613957086414186 0.545205253834254 0.788163093217614 0.657374855115705 0.0613957086414186 0.545205253834254 0.788163093217614
14 0.755479377216476 0.801555090201068 0.13406199054307 0.564246698680262 1.08486706154768 0.670552954213765 0.200883603540159 0.452314642227296 0.994089561617274 0.671999443348152 0.199678602217211 0.454362184558857 0.993883882081144 0.730117230408111 0.0637334803252719 0.617293879319525 0.867674125177378 0.730117230408111 0.0637334803252719 0.617293879319525 0.867674125177377
15 0.7579077234219 0.897410163665214 0.14184695456565 0.645931878389905 1.20006336781658 0.821327765469629 0.191743246208937 0.564032796742002 1.19599303839755 0.8112032730509 0.192970913301612 0.555741149571423 1.18409578041138 0.682995318725624 0.062916914787681 0.571232069825972 0.811552715440817 0.682995318725624 0.0629169147876809 0.571232069825972 0.811552715440817
16 0.756188832867797 0.876279745370627 0.156821845539263 0.603092860235792 1.21522245791657 0.78470034595803 0.216884787618306 0.512969068220376 1.20037380632494 0.787895538274698 0.215984188799336 0.515967760641256 1.2031359836546 0.634348237598884 0.0596297729935638 0.525917410017236 0.756823727171051 0.634348237598884 0.0596297729935637 0.525917410017237 0.756823727171051
17 0.754500949759219 0.925105424733017 0.156134457456627 0.649668146725443 1.26456121404735 0.794164952245425 0.200785362117122 0.535799010167987 1.17711671616795 0.792153855512804 0.200156062231467 0.535101774598324 1.17268856242318 0.743805363575463 0.0651111127858666 0.625721817411455 0.8762433822218 0.743805363575463 0.0651111127858665 0.625721817411456 0.876243382221801
18 0.759384366768917 0.878272713281034 0.139691223308465 0.622318117237257 1.17261035401894 0.839035151147258 0.194994754764286 0.5725327308348 1.22958906442648 0.849552569211894 0.193512666563477 0.581395916603169 1.24139084442031 0.637333640475107 0.0561535120408395 0.536177168562512 0.752532332262256 0.637333640475107 0.0561535120408395 0.536177168562512 0.752532332262256
19 0.760970436915077 0.74252314309124 0.126111289328265 0.509320820810009 1.01675537882831 0.663833923426248 0.20005267968042 0.448512232639804 0.982527221828056 0.664479628636519 0.199308064994268 0.449604178245431 0.982048651318141 0.760605249896526 0.0672727944172727 0.64554133309966 0.901581403077311 0.760605249896526 0.0672727944172728 0.645541333099661 0.90158140307731
20 0.756125437597819 0.987036211618435 0.137481601816556 0.736489596089854 1.25932717641944 0.914222418802645 0.181460148988801 0.640608516602352 1.30470109182168 0.923574788103681 0.181262539769085 0.647412552238401 1.31753761380063 0.667048179457683 0.0572871050658961 0.5605224373592 0.781840576798973 0.667048179457683 0.0572871050658962 0.5605224373592 0.781840576798973
21 0.754248553370671 0.898695483692315 0.149372745353992 0.635817832490211 1.20760428073904 0.844483622130576 0.203736806551687 0.566461172772427 1.25896111212071 0.878920680041523 0.201229334035468 0.592465360145229 1.3038763339941 0.652784801607702 0.059183564434 0.538819485461457 0.775322690136101 0.652784801607702 0.059183564434 0.538819485461458 0.775322690136101
22 0.760661380396773 0.944958251527288 0.148108709604986 0.689338685025966 1.27544457101972 0.833054065723141 0.189486991067282 0.574621099880045 1.20771596546442 0.840626739512314 0.188580415066029 0.580875768481996 1.21653088926364 0.744941351986782 0.069793599084158 0.618291346498292 0.889195344462044 0.744941351986782 0.069793599084158 0.618291346498292 0.889195344462044
23 0.75152732858852 0.789544096858993 0.126349099935648 0.556244529600601 1.06500962837981 0.757894144119014 0.198189763566183 0.513936093307096 1.11765556295861 0.771452572028171 0.195736804693054 0.525651322133511 1.13219361548133 0.634519194326811 0.0577402924571504 0.522763476010177 0.754238828308313 0.634519194326811 0.0577402924571504 0.522763476010176 0.754238828308313
24 0.758955627793463 0.823136863118158 0.128550091719825 0.590194737995924 1.09249097227614 0.76976483261381 0.195757155366156 0.524480412357316 1.12976172907156 0.773792179934781 0.195392914817597 0.52760097048974 1.13486208558797 0.67865597579261 0.0582752456138633 0.5723469794096 0.80224782047455 0.67865597579261 0.0582752456138633 0.5723469794096 0.80224782047455
25 0.757626402526126 0.849729024239329 0.128722277920296 0.6280002299299 1.10977740148145 0.903681000710528 0.193373577388606 0.618607618293045 1.32012494980029 0.898049377188144 0.193021865936216 0.615176456050311 1.31099406672036 0.58180576058078 0.0564103572226294 0.477975907553869 0.701986451603566 0.58180576058078 0.0564103572226294 0.477975907553869 0.701986451603565
26 0.753672453083012 0.814736920969497 0.133630800064048 0.578033620505436 1.09374553001037 0.867615500676756 0.198351973688347 0.58815229546621 1.27986690321066 0.857447229207407 0.195818626420528 0.584152559992754 1.25860229198444 0.63506249297888 0.0577529129684646 0.525663455588522 0.745481040537039 0.63506249297888 0.0577529129684646 0.525663455588522 0.745481040537039
27 0.759147957954345 0.70696226853995 0.11059032031513 0.509350404353909 0.930737944566448 0.578000663725971 0.194635517257013 0.394688329044201 0.846452105834243 0.598566447808656 0.192344853180772 0.410570870323275 0.872642991355352 0.803193478585906 0.0751816138015063 0.67247318855415 0.965611961478006 0.803193478585906 0.0751816138015062 0.672473188554149 0.965611961478006
28 0.755673098681572 0.602026511365279 0.0988772214967053 0.429273276255069 0.800512540229779 0.560698873723075 0.209888345495461 0.371597171965386 0.846032345541125 0.557408777018081 0.206551542625974 0.37184060333206 0.835585307017504 0.715280485172208 0.0660828668998186 0.58977877531772 0.857623044136931 0.715280485172208 0.0660828668998187 0.58977877531772 0.857623044136931
29 0.7571003422498 0.725608404376278 0.134004284833951 0.484520535712208 1.01376838458733 0.705900224999529 0.20873255374233 0.468888788412043 1.06271495495111 0.699614575149696 0.208155204550262 0.46523975383731 1.05206089919188 0.613374892441432 0.0562390812700075 0.510194583732704 0.725998289981026 0.613374892441432 0.0562390812700075 0.510194583732704 0.725998289981026
30 0.757450328386023 0.890467025383223 0.152484157828671 0.622679407117203 1.21042787522762 0.7591369133204 0.204573873392508 0.508377724556577 1.1335839973482 0.783195615897238 0.202327591951215 0.526803545559618 1.16437214200799 0.690740547142972 0.0643955763051313 0.568263029605805 0.830306765055514 0.690740547142972 0.0643955763051313 0.568263029605805 0.830306765055514
31 0.751752370211058 0.874761612239537 0.137400702643331 0.619279840042973 1.16076896303387 0.781897787081136 0.199299634158146 0.529061096682414 1.15556436350369 0.786904387602626 0.198605723254106 0.5331733930915 1.16138300082427 0.670953205894014 0.0667492270292215 0.552642893206617 0.806682487368563 0.670953205894014 0.0667492270292215 0.552642893206617 0.806682487368564
32 0.757263722598715 1.0817097047371 0.154661708973596 0.805015343912394 1.40307961839448 1.03132976290975 0.184736097465733 0.718042085930445 1.48130743406942 1.04777071929835 0.183602240379974 0.731111722350292 1.50158101239279 0.688599725280588 0.0639810578135201 0.560659062648858 0.81914356719527 0.688599725280588 0.0639810578135201 0.560659062648856 0.81914356719527
33 0.758107973600819 1.01047820190725 0.162799217540636 0.730489722490231 1.35837153817583 0.922285811383699 0.193382709859727 0.631332092473163 1.34732754444262 0.93546885635682 0.192688913787702 0.641227637773642 1.36472904420014 0.666404633129929 0.0615304319979445 0.55624846550505 0.801125679772019 0.666404633129929 0.0615304319979445 0.55624846550505 0.801125679772019
34 0.757138844902125 0.833449614570097 0.135463986831153 0.585333382156025 1.10719259151258 0.719118525543997 0.200600114167809 0.485343648110668 1.06549546036844 0.730249710087351 0.199633686367792 0.493790683054782 1.07994066591876 0.72714892975086 0.0650211613849651 0.600975085402288 0.853565636861749 0.72714892975086 0.0650211613849651 0.600975085402288 0.85356563686175
35 0.762338546674388 0.780852218512972 0.123057267143572 0.558521710433799 1.05035952855944 0.738123507536835 0.1982545570644 0.500465854358021 1.08863833093541 0.741424876303566 0.197726497005591 0.503224820949522 1.09237625871578 0.621623077609138 0.0569926338537987 0.513440208971043 0.736853890566164 0.621623077609138 0.0569926338537987 0.513440208971042 0.736853890566165
36 0.753577566505352 0.75007546351145 0.122373282596764 0.540807328562048 1.01237522994866 0.627635116403874 0.202027031708067 0.422417122047949 0.932551780651044 0.649412217610811 0.199872900089484 0.438922994936516 0.960843321601754 0.712575815963531 0.0668737904026404 0.581096136888356 0.84548300396578 0.712575815963531 0.0668737904026405 0.581096136888356 0.845483003965781
37 0.756557120099424 0.65863150912957 0.117948724589368 0.448701754235124 0.906464681602384 0.533124088361003 0.21229732125467 0.351657997254009 0.808232134090932 0.54667822917872 0.207808281285793 0.36378521902253 0.821520695813296 0.708660767289977 0.0666642044090473 0.587239390174762 0.849204459258359 0.708660767289977 0.0666642044090473 0.587239390174762 0.849204459258359
38 0.756073206705886 0.983722210736493 0.144175207265616 0.733553785147062 1.3098409570671 0.965548595336284 0.188264923154529 0.667609861634387 1.39645044738185 0.958836556549989 0.185822675198399 0.666150005280073 1.38012089602867 0.678695846040386 0.0616889302807748 0.562648302531578 0.805971384918445 0.678695846040386 0.0616889302807748 0.562648302531578 0.805971384918445
39 0.7545625707564 1.02594675079281 0.169397969123264 0.736112918561697 1.39208994372058 0.998353317871234 0.200337399367322 0.67415034650355 1.47846745532935 1.00904335158254 0.199600918193503 0.682353173415651 1.49214296209144 0.657598700603084 0.0602576595846811 0.542058205253558 0.776462796311678 0.657598700603084 0.0602576595846811 0.542058205253558 0.776462796311678
40 0.75461342686353 0.93928410881071 0.139578281958376 0.684950763364834 1.24161758722906 0.876879335177752 0.188000838459236 0.606615120931765 1.26755391009824 0.892376181383165 0.187238376304162 0.618258897426105 1.28802877308398 0.675426818952458 0.0642695478133312 0.560821089205174 0.809429150984548 0.675426818952458 0.0642695478133313 0.560821089205173 0.809429150984548
41 0.758966548079997 0.700198767940499 0.114799250733393 0.491009869105924 0.949025878866122 0.666228557037875 0.199986024607363 0.450188950556986 0.985942657330021 0.654048125918247 0.196483368049464 0.44500281626993 0.961294929777901 0.719761197128906 0.0645005776331191 0.597438002854253 0.851123464538148 0.719761197128906 0.064500577633119 0.597438002854253 0.851123464538148
42 0.75690668918005 0.7887197456178 0.116166473001873 0.588646127424943 1.02567381520871 0.700648834246089 0.184921703363146 0.487634882024925 1.00671384887784 0.709841382214508 0.183652869083353 0.495262799953912 1.0173887236253 0.670393520423714 0.0590671204087976 0.561636366353577 0.788411392865627 0.670393520423714 0.0590671204087976 0.561636366353577 0.788411392865628
43 0.760284053894257 0.765346886998398 0.124646310554828 0.544010370384365 1.03073794780258 0.716239236312958 0.201313587889351 0.48272486719776 1.06271435033407 0.723149374200456 0.201609261071739 0.487099743140806 1.07358918736967 0.737504601833434 0.0642981669775488 0.622143336826908 0.876651805877099 0.737504601833434 0.0642981669775488 0.622143336826907 0.876651805877098
44 0.754283911279985 1.10099611254347 0.174510957229272 0.792609562661151 1.46755194973908 1.09074961987283 0.194106976230004 0.745591438751408 1.59569258902046 1.09163715904595 0.191502850157169 0.750016450214788 1.58886073321278 0.700101680041098 0.0617064931499333 0.58611586857413 0.828424137307649 0.700101680041098 0.0617064931499333 0.58611586857413 0.828424137307649
45 0.758173240080387 0.937680701538826 0.139055698834716 0.692429226400375 1.2222760381338 0.918664967282775 0.185243698420805 0.638965534535423 1.32079944300325 0.922905756199325 0.185121443869781 0.642068991029669 1.32657868036877 0.610963033054403 0.054610120158853 0.503981064658925 0.718246751355378 0.610963033054403 0.0546101201588529 0.503981064658925 0.718246751355379
46 0.758753399247974 0.691649481972953 0.108617327867109 0.497925464785932 0.928141479932421 0.546600610127294 0.191870736903073 0.375274836812662 0.796142447303701 0.539801677779899 0.19287510976568 0.369878117820724 0.78778883447013 0.899006907897871 0.0831341125041009 0.75069516839096 1.0886629100409 0.899006907897871 0.0831341125041009 0.75069516839096 1.0886629100409
47 0.75547073258488 0.835775138103301 0.120526286344932 0.608410621640575 1.06001202669836 0.790463489455999 0.190343983087957 0.544328060460558 1.1478969642577 0.783679849265938 0.189001147466946 0.541078916287911 1.13505458752469 0.670301292265951 0.058098646524036 0.568549803530388 0.788143085744853 0.670301292265951 0.058098646524036 0.568549803530388 0.788143085744853
48 0.755235914530356 0.87126928655759 0.130871207520689 0.64469441406903 1.19181117889616 0.813760905278394 0.191091331171191 0.559550883294782 1.18346129142048 0.813048531433886 0.191301021748227 0.55883132821856 1.1829113385144 0.661856941323163 0.0634717465043811 0.546491816549082 0.798535517803351 0.661856941323163 0.0634717465043811 0.546491816549083 0.798535517803351
49 0.755387244222135 1.12092327259264 0.180565472289724 0.810571439380305 1.50869959446876 1.03495269508499 0.191689632983512 0.710810751844821 1.50690894627537 1.03408530885102 0.190462277207047 0.711925557341557 1.50202842832975 0.673959562753368 0.0610094551895604 0.565685825306052 0.797354765579866 0.673959562753368 0.0610094551895604 0.565685825306052 0.797354765579866
50 0.754885808597609 0.982599971314114 0.145123871615641 0.733136822927594 1.30074293337476 0.985892043684138 0.189844817277622 0.679568375638576 1.43029481159469 0.995948047851257 0.188849434477124 0.687840517674339 1.44206758475422 0.604361910749263 0.0563290441506216 0.501748745434582 0.718851709848884 0.604361910749263 0.0563290441506216 0.501748745434583 0.718851709848884
51 0.752837412644765 0.828933476118653 0.129205901233612 0.583686070895025 1.10017232157873 0.716173563317402 0.192355286195012 0.491230324893788 1.04412237356406 0.710044011513228 0.19163095058626 0.487717914512117 1.03371740771534 0.732116552011319 0.0644962612883763 0.61392375616515 0.860083819190363 0.732116552011319 0.0644962612883763 0.613923756165149 0.860083819190364
52 0.757540190290343 0.913088935069773 0.134398345603585 0.679718868543758 1.19481766878761 0.812562840666487 0.184607226208967 0.56587303820551 1.16679595148374 0.807802666095754 0.184609669318857 0.562555333834322 1.15996615462469 0.709983528294793 0.066701347525475 0.590260319163277 0.846834044325296 0.709983528294793 0.066701347525475 0.590260319163278 0.846834044325296
53 0.759152057573656 0.834882757334064 0.131317335362775 0.605286028293208 1.12600991090667 0.8106783118952 0.193200055651366 0.555132136076152 1.18386107138841 0.823308261408561 0.19114555859561 0.566055583875005 1.19747338002281 0.626816165621426 0.0557583854962176 0.524623644282342 0.740020380460511 0.626816165621426 0.0557583854962176 0.524623644282342 0.740020380460511
54 0.754394414144519 0.740007062020947 0.117875060024541 0.531122640651106 0.997456870008603 0.682240006567906 0.199587175996117 0.461368851594268 1.00884883093733 0.681632767587343 0.198346658020803 0.46208032642842 1.00550316314052 0.68275453850312 0.0643006886829326 0.561626003803574 0.809690931257769 0.68275453850312 0.0643006886829326 0.561626003803573 0.809690931257769
55 0.758112218417976 0.682872748218213 0.109911338235039 0.489189324190372 0.907312715994052 0.573382483786107 0.192623090611369 0.393082174255548 0.836383571286011 0.582512570216315 0.1911158716061 0.400522738330947 0.847195082791132 0.744966297969828 0.0693189415539256 0.618394101166499 0.889657486643907 0.744966297969828 0.0693189415539256 0.618394101166499 0.889657486643908
56 0.757068712251035 0.964198358716841 0.148453257651836 0.70857014768061 1.27745323612674 0.802552568398041 0.191531448418582 0.551368085480174 1.16816812942912 0.795636110541625 0.191807458834738 0.5463207308809 1.15872743722736 0.793811831633058 0.0708457994827944 0.662769834133058 0.941300789234847 0.793811831633058 0.0708457994827943 0.662769834133058 0.941300789234846
57 0.759364498947583 0.689846608218754 0.108171046838899 0.493552026927465 0.906434402217543 0.637961110502324 0.19729118052613 0.433370802288383 0.939136592415213 0.642103924559759 0.191410182907404 0.441241834228257 0.934402447710252 0.814594889759759 0.0741553960161519 0.685141647165755 0.975047619048591 0.814594889759759 0.0741553960161518 0.685141647165754 0.97504761904859
58 0.753076125031751 1.08989018505511 0.173115718085487 0.78080016694367 1.45230523546723 1.14067553751104 0.195050700888865 0.778277849727156 1.67182026615847 1.15928784729752 0.195322358434114 0.790555911095281 1.70000412877787 0.5321912767897 0.0501246493106952 0.438156692694247 0.640263634403389 0.5321912767897 0.0501246493106952 0.438156692694246 0.64026363440339
59 0.756858741706347 0.696450860049772 0.118830344861459 0.485816244054083 0.944828164813043 0.663562160836947 0.202037544935488 0.44658789044648 0.985953158860599 0.666543192358349 0.200640623406037 0.449824068101956 0.987674646120889 0.695822355547204 0.0630606299164046 0.571585153830499 0.818197306576343 0.695822355547204 0.0630606299164046 0.571585153830499 0.818197306576342
60 0.75667631247173 0.695856698332646 0.11736646812835 0.476510216576179 0.928299411357957 0.63784048346971 0.206276789610547 0.425724808329141 0.955641941444793 0.649168602980612 0.204717792358974 0.434611692635893 0.969646887638741 0.638839097724699 0.0585251168504608 0.532804903035695 0.756626991352356 0.638839097724699 0.0585251168504608 0.532804903035695 0.756626991352357
61 0.75847654968076 0.807362543041547 0.127006434006281 0.585184278334644 1.09120872985936 0.674877832821407 0.191908396914282 0.463310816964652 0.983055159854964 0.67944505528397 0.191967966497637 0.466391807408732 0.989823525663401 0.658676674874722 0.0600292409666629 0.544999603517408 0.781801483204879 0.658676674874722 0.0600292409666629 0.544999603517409 0.781801483204879
62 0.75677577778735 0.808156021005452 0.138915441621812 0.547698143695816 1.07661852467696 0.761916860136416 0.206976636200037 0.507842159528226 1.14310576794062 0.777317151562024 0.205170644939396 0.519944131712746 1.16209015019005 0.722380133798712 0.0648836393713463 0.604395079414253 0.851515425904106 0.722380133798712 0.0648836393713463 0.604395079414253 0.851515425904107
63 0.759977211020741 0.939003892485744 0.15769289295912 0.664149778434415 1.30341957628208 0.922384320990362 0.197926918780429 0.625800943166391 1.35952629170557 0.918234217503735 0.196661003842936 0.624532901218909 1.35005549995701 0.657651411742866 0.0562877629376486 0.554378542784401 0.778850851875077 0.657651411742866 0.0562877629376486 0.554378542784401 0.778850851875076
64 0.754644627614504 0.822644670373406 0.118113243495908 0.604411676037081 1.0636748389192 0.795844127192036 0.188648915708581 0.549857011891541 1.15187741738026 0.803894112685936 0.188542518569157 0.555534666968405 1.16328607886475 0.621427850086547 0.0554872260099455 0.524775913507141 0.737638370689246 0.621427850086547 0.0554872260099455 0.524775913507141 0.737638370689246
65 0.757988936085398 0.735610162159109 0.127329211960207 0.516070427080722 0.996299875877342 0.589542178788346 0.210734449901775 0.39006536803155 0.891030091506094 0.60702201304674 0.211461101471842 0.401059146004978 0.918756567438419 0.676978741766389 0.0619070420894908 0.566302862880445 0.804832014133468 0.676978741766389 0.0619070420894907 0.566302862880444 0.804832014133468
66 0.754297533525315 0.770069331876223 0.12002693826532 0.551076528860466 1.00845014368625 0.701069865548713 0.197992549498079 0.475586738828222 1.03345807663072 0.713245975246839 0.196266731116968 0.485486083418234 1.04785665043989 0.72669626193282 0.0627931167865998 0.606170058859876 0.851480882358957 0.72669626193282 0.0627931167865998 0.606170058859875 0.851480882358957
67 0.75219744077633 0.780420568165184 0.12806006112413 0.544721778457744 1.047109528511 0.868517561501766 0.194954433117344 0.5926974926731 1.27269435751269 0.866143915955216 0.196351270702399 0.589461648724359 1.2726956618293 0.67791259567171 0.0634340964819603 0.563005470158127 0.816019519971687 0.67791259567171 0.0634340964819603 0.563005470158127 0.816019519971687
68 0.758257466623242 1.02013263311756 0.164517306993499 0.724931962167544 1.35254908916793 1.06506604299506 0.198081811868558 0.722385457559071 1.5703052491867 1.03024944376453 0.195324256801049 0.702557832510806 1.51078511584424 0.598180575908365 0.0562717320155405 0.497502362144409 0.707855085223019 0.598180575908365 0.0562717320155405 0.497502362144409 0.70785508522302
69 0.756820632532282 0.96256484082522 0.146396349015865 0.699691319612432 1.26765709587539 0.861907039511946 0.188534549400094 0.595634066065529 1.2472150051245 0.861237388713662 0.186322663543606 0.597757091048799 1.24085494061964 0.696961559270699 0.0631273797073046 0.577299887336736 0.830193305012453 0.696961559270699 0.0631273797073045 0.577299887336736 0.830193305012453
70 0.751683436493329 0.804133626469409 0.10875923793053 0.61198083198357 1.0100125786044 0.704335603227416 0.183794544743658 0.49128492924554 1.00977785485007 0.700112078700447 0.183474770821391 0.488645115962515 1.00309387473723 0.801883755724617 0.0758463849709506 0.660657617063924 0.958101257824936 0.801883755724617 0.0758463849709506 0.660657617063925 0.958101257824936
71 0.760837708516067 0.737004343702683 0.125472730327048 0.52153125086053 1.00865530500307 0.608402431485825 0.200362223588448 0.41081123009124 0.901030671814045 0.617105566308044 0.19928473112062 0.417568753480574 0.911991802054433 0.74624314950447 0.0645883470029171 0.625576148745568 0.882945201785787 0.74624314950447 0.0645883470029171 0.625576148745567 0.882945201785787
72 0.754369451337058 0.777352661700269 0.130284293904774 0.546733045218217 1.06441349937872 0.681210329250236 0.208438153635785 0.452749882780762 1.02495335797121 0.691506172675654 0.206672148737093 0.461186312266384 1.0368494773807 0.742744615633725 0.0670341606434342 0.620752709905652 0.886001747413937 0.742744615633725 0.0670341606434342 0.620752709905652 0.886001747413937
73 0.760621101058041 0.822259077880746 0.136164721291916 0.584453241287973 1.11693559867041 0.731832805980251 0.20327033901422 0.491346478182916 1.09002359778703 0.734860931938489 0.201157330926832 0.495427065514199 1.09001026968323 0.606107650831171 0.0547030348699427 0.507150677553419 0.722698437846463 0.606107650831171 0.0547030348699427 0.507150677553419 0.722698437846463
74 0.753517859240012 0.798047762823949 0.119234040262812 0.581276758318808 1.03558013564065 0.792374960947096 0.192533074813832 0.54330824153945 1.15562038403263 0.801241366884469 0.190457003081193 0.551627702630083 1.16380617751064 0.561246680733293 0.049657426973768 0.467563133266001 0.659822329211578 0.561246680733293 0.0496574269737681 0.467563133266001 0.659822329211578
75 0.754866935776866 0.720841119686736 0.116035465200931 0.516642929025603 0.984608403563633 0.65426379583502 0.202176602699684 0.440209948093562 0.97240218308167 0.665784726693951 0.200631705304723 0.449320062801252 0.986533518079318 0.65184202521313 0.0597658465812503 0.539371392946629 0.774432012702027 0.65184202521313 0.0597658465812503 0.539371392946629 0.774432012702027
76 0.757783601088634 0.774245548019911 0.120453157897595 0.561428598492824 1.02190518969252 0.666172759190716 0.189103582400813 0.459855736611628 0.965055146115471 0.698017917850133 0.189659127816204 0.481313927356854 1.01228945589724 0.747712587574893 0.0682613944483629 0.616861886840845 0.893495092287533 0.747712587574893 0.0682613944483629 0.616861886840845 0.893495092287533
77 0.753104923415984 0.770164730283444 0.126409217666049 0.553555183606568 1.04310660570062 0.667262313087929 0.194543401108529 0.455723006015095 0.97699477224265 0.670453743533879 0.192881824883026 0.459396321151375 0.978475885684066 0.717991004208593 0.0647305593257448 0.591437191423298 0.846434181590259 0.717991004208593 0.0647305593257448 0.591437191423298 0.846434181590259
78 0.756990093320588 0.898347776756876 0.140059753900983 0.656869408937493 1.19743344636977 0.884577840220829 0.190539049873742 0.608904133521997 1.28505935882513 0.878769127849111 0.190418947767362 0.605048082694722 1.27632034899005 0.675564710951129 0.0618019945804571 0.563432340194288 0.801590392595034 0.675564710951129 0.0618019945804571 0.563432340194289 0.801590392595035
79 0.755748155913987 0.713720432157872 0.112666925089481 0.507353267513988 0.952234137949784 0.622181172919008 0.190529486767943 0.428289938681712 0.903848951311828 0.628342085883572 0.189134014382064 0.433715541320968 0.910305809402249 0.754827916764725 0.0684816740816148 0.627197930791778 0.887070367902493 0.754827916764725 0.0684816740816147 0.627197930791779 0.887070367902492
80 0.752827272945794 0.791425162066197 0.116591582746015 0.577678247346767 1.05330319139828 0.722585264305406 0.190764829973938 0.497175573164392 1.05019130539358 0.726204868849141 0.190448351678181 0.499976078016332 1.05479748877699 0.729007236456404 0.0651551351841873 0.607401567937426 0.870621047631909 0.729007236456404 0.0651551351841874 0.607401567937427 0.870621047631908
81 0.758107287497607 0.646995298748061 0.105158285283181 0.445295647515782 0.859273910871613 0.59773467655427 0.198426514766009 0.405142212838895 0.881879824498844 0.60239030900177 0.195810120363362 0.410396926716587 0.884202733393864 0.736277634991188 0.0679342443556479 0.605273105601477 0.876064865564329 0.736277634991188 0.0679342443556479 0.605273105601477 0.876064865564329
82 0.75903190013867 0.734604107378029 0.116134658914649 0.522746777044462 0.990774531754255 0.644667798497323 0.191376236844454 0.443033155923336 0.938071033426901 0.639406003161562 0.191593355987898 0.439230155503528 0.93081049139341 0.745881827442316 0.0691755356105368 0.615605439265021 0.882825195836902 0.745881827442316 0.0691755356105368 0.615605439265021 0.882825195836902
83 0.755473171782058 0.782920133260969 0.123288484655715 0.567656181446481 1.04225682239957 0.74631652565081 0.194799721463737 0.509458995258017 1.09329379134312 0.737541748849665 0.197065876768052 0.501237817544244 1.08524898213253 0.693457968311157 0.061897992271279 0.582317656146271 0.821089656201207 0.693457968311157 0.061897992271279 0.582317656146271 0.821089656201208
84 0.756474928698838 0.880737990152685 0.14677841854144 0.620257848695766 1.18101718334722 0.725254603754021 0.200603120332854 0.489482093335102 1.07459342727437 0.72803055850519 0.20000837736531 0.491928709715932 1.07744980857785 0.695682838664538 0.0634260032738568 0.577062941139696 0.822133047387839 0.695682838664538 0.0634260032738568 0.577062941139697 0.822133047387838
85 0.758046613976436 0.802324452982774 0.127793005657753 0.57610349804455 1.06369466078878 0.691822986911629 0.192200840581966 0.474671695782853 1.00831595705315 0.695114969563771 0.191470316203267 0.477613740640406 1.01166440534932 0.706202778903089 0.0616714338984284 0.59528610989409 0.842328408993082 0.706202778903089 0.0616714338984284 0.59528610989409 0.842328408993082
86 0.754015568617372 0.997482954454675 0.15481812090681 0.736458754420495 1.322465305606 0.940859085067326 0.198348530373341 0.637808066743496 1.38790313906413 0.947760148739767 0.19771567713689 0.643283710435308 1.39635014064227 0.632259695110467 0.0584705440123766 0.519717447646969 0.752385117547821 0.632259695110467 0.0584705440123766 0.519717447646969 0.752385117547821
87 0.759317096353724 0.824202479950404 0.130291513867776 0.5937216617834 1.08550028225844 0.697022059825769 0.194862622566999 0.475750395632616 1.02120724721148 0.714292771532432 0.192685108077656 0.48962365758822 1.04205373975736 0.694523190393423 0.0611258171571198 0.587401743534476 0.829622172031013 0.694523190393423 0.0611258171571198 0.587401743534476 0.829622172031013
88 0.757797878740928 0.858406250691258 0.139000385481846 0.60780240443491 1.15360640148985 0.834836700831871 0.192921370489357 0.571987535381738 1.21847465887645 0.83437888979524 0.193367400676867 0.57117432591868 1.21887154261737 0.684164588501386 0.0648595030674764 0.563894992246463 0.824944883864774 0.684164588501386 0.0648595030674764 0.563894992246463 0.824944883864774
89 0.758463625039261 0.784128463401209 0.130525052656249 0.554392309396588 1.06692832229309 0.730234115740484 0.201432475428628 0.492042351003967 1.08373163956976 0.739649743413534 0.198187451849262 0.501566643357158 1.09074586633174 0.65584165416758 0.059684070974109 0.547537987860967 0.778311122326656 0.65584165416758 0.059684070974109 0.547537987860967 0.778311122326655
90 0.755601758395474 0.919096551205375 0.144128912970578 0.675239716960334 1.21555317823114 0.871364063138901 0.195108573591131 0.59446039514394 1.27725133033646 0.896262751280955 0.193274583550284 0.613648566057635 1.30903413413707 0.641689662317577 0.0568672072739444 0.543326369850825 0.759159972373112 0.641689662317577 0.0568672072739444 0.543326369850825 0.759159972373111
91 0.759629109484132 0.767699164518518 0.121123997450596 0.543842772617029 1.01028062791027 0.706628675103164 0.189741731244872 0.48717254213615 1.02494299512165 0.71424604756901 0.188730944577058 0.493400715026417 1.03394138056861 0.740252555338832 0.070056953000429 0.614389532444541 0.886751649125075 0.740252555338832 0.070056953000429 0.614389532444541 0.886751649125075
92 0.75334928859864 0.73983220946351 0.120999491866188 0.524161989394374 0.998640088460854 0.649505803645026 0.198688637481348 0.440006367337028 0.958753827863233 0.652052101544165 0.197749818484132 0.442544908263489 0.960743045935162 0.723106450077393 0.0664927143228139 0.597124848823323 0.861652572681749 0.723106450077393 0.0664927143228139 0.597124848823323 0.86165257268175
93 0.750848367340379 0.922091905669033 0.161289152976813 0.644753218536522 1.28776818618091 0.91674724215692 0.201955834754627 0.617084295467963 1.36192982413365 0.914000522485091 0.200960556553747 0.616436730210599 1.35520307950763 0.609519127892657 0.0553813455705052 0.502406291895115 0.723860066671231 0.609519127892657 0.0553813455705052 0.502406291895115 0.723860066671231
94 0.756249041454751 0.907580322124878 0.146900205711935 0.649030737415355 1.22406789798627 0.794034498282635 0.197355324797859 0.539324580731214 1.16903773161635 0.821455448165831 0.196644421531098 0.558727412327153 1.20772498079299 0.682638282820843 0.0652390407133686 0.559892708644099 0.830830807006395 0.682638282820843 0.0652390407133686 0.559892708644098 0.830830807006395
95 0.760149411361899 0.792397449197313 0.125747342901261 0.564277855660257 1.05309382725486 0.62399336610325 0.198011480803634 0.423284430736931 0.919872531722895 0.630908903263302 0.198282963150885 0.427747905734812 0.930562228079445 0.715462240393391 0.0664057236292955 0.58848384689672 0.847034518854223 0.715462240393391 0.0664057236292955 0.58848384689672 0.847034518854223
96 0.757562711713144 0.8464311609593 0.131647394803433 0.603896856292757 1.11420091118958 0.724312989921755 0.190878337766046 0.498253477272331 1.05293657003952 0.741413954470557 0.190101975190083 0.510793851742997 1.07615753401872 0.707614063513994 0.0651594272762959 0.585964788085328 0.845648443023522 0.707614063513994 0.0651594272762959 0.585964788085328 0.845648443023523
97 0.760201412869904 0.866904587875297 0.134521455204952 0.625036401781334 1.1521826937458 0.816578757854123 0.194218690974138 0.558057345156688 1.1948608392411 0.827506300249394 0.192200972980303 0.567766212330479 1.20607155213009 0.68773397750104 0.0615870227742543 0.57438801285492 0.802065291243743 0.68773397750104 0.0615870227742543 0.57438801285492 0.802065291243743
98 0.758095215770675 1.14334385836596 0.169959613457593 0.843624521269659 1.50163796085084 1.04747227955179 0.18686603100222 0.726242874902715 1.51078683777296 1.05147836906546 0.185311978640097 0.731244311514646 1.51195263088268 0.644465922429013 0.058487820673859 0.541986438684438 0.773358155279289 0.644465922429013 0.0584878206738591 0.541986438684438 0.773358155279289
99 0.758698125287536 0.749499668115013 0.124693212053342 0.543622787733223 1.02678429407369 0.640341330749855 0.197767244232839 0.434582016467809 0.943520450291963 0.656490472339372 0.195813898357813 0.447251015251361 0.963619367147006 0.793863769809562 0.0708565359849877 0.665339188169617 0.941591873981398 0.793863769809562 0.0708565359849877 0.665339188169617 0.941591873981398
100 0.752589737918298 0.879052139285995 0.141060557755376 0.628700134707859 1.18760524401223 0.791091492206072 0.196421258220337 0.538310233238278 1.16257449775029 0.801534982457948 0.194642748568577 0.547321203982164 1.17382320185936 0.69017472884918 0.0604408542209779 0.583313454894787 0.814834678997484 0.69017472884918 0.0604408542209779 0.583313454894788 0.814834678997485
